HˆTIME READING FROM EEPROM: 350234
203517,46,35,36,140,148,Free Memory: 34064
203568,34,50,53,153,164,.......t1,-0.52,-4.33,7.12,3.54,-31.64,181..65,181.47,-0.85,0.03,0.17,0.96,-0.27,0.03,0.02,1,19.99,38.54,0.0982881
203580,33,42,49,157,159,t1,-0.51,-4.31,6.92,3.55,-31.67,181.48,-0.71,-0.04,0.17,0.96,-0.27,0.03,0.02,1,19.99,38.54,0.0982881
203603,45,25,33,162,155,t1,-0.53,-4.31,7.01,3.55,-31.67,181.48,-0.08,-0.04,0.17,0.96,-0.27,0.03,0.02,1,19.99,38.54,0.0982881
203623,31,25,43,170,170,t1,-0.52,-4.33,7.03,3.55,-31.66,181.48,0.34,0.17,-0.04,0.96,-0.27,0.03,0.02,1,19.99,38.54,0.0982881
203645,28,45,36,159,166,t1,-0.52,-4.31,7.00,3.55,-31.66,181.48,0.20,0.03,-0.11,0.96,-0.27,0.03,0.02,1,19.99,38.54,0.0982881
203664,36,29,34,162,171,t1,-0.53,-4.29,7.03,3.55,-31.66,181.48,-0.01,-0.18,-0.04,0.96,-0.27,0.03,0.02,1,19.99,38.54,0.0982881
203687,49,44,48,157,167,t1,-0.53,-4.31,7.06,3.55,-31.66,181.48,-0.29,-0.04,-0.04,0.96,-0.27,0.03,0.02,1,19.99,38.54,0.0982881
203707,46,50,47,160,162,t1,-0.53,-4.34,6.99,3.55,-31.66,181.48,-0.15,0.10,0.03,0.96,-0.27,0.03,0.02,1,19.97,38.64,0.0982749
203732,43,33,33,161,161,t1,-0.52,-4.31,6.99,3.55,-31.66,181.48,-0.01,-0.11,-0.04,0.96,-0.27,0.03,0.02,1,19.97,38.64,0.0982749
203758,50,44,52,163,172,t1,-0.52,-4.34,6.99,3.55,-31.66,181.48,0.20,0.03,-0.11,0.96,-0.27,0.03,0.02,1,19.97,38.64,0.0982749
203780,36,46,40,157,164,t1,-0.51,-4.30,7.05,3.55,-31.65,181.47,0.48,0.10,-0.18,0.96,-0.27,0.03,0.02,1,19.97,38.64,0.0982749
203800,25,44,40,161,155,t1,-0.52,-4.28,7.04,3.55,-31.64,181.47,0.20,-0.04,-0.11,0.96,-0.27,0.03,0.02,1,19.97,38.64,0.0982749
203823,36,56,36,159,166,t1,-0.53,-4.33,7.00,3.55,-31.65,181.47,-0.64,-0.25,-0.04,0.96,-0.27,0.03,0.02,1,19.97,38.64,0.0982749
203842,37,45,37,170,174,t1,-0.53,-4.34,7.03,3.54,-31.67,181.48,-0.92,-0.25,-0.04,0.96,-0.27,0.03,0.02,1,19.97,38.64,0.0982749
203865,47,41,45,173,185,t1,-0.52,-4.30,6.97,3.54,-31.68,181.47,-0.57,-0.04,-0.04,0.96,-0.27,0.03,0.02,1,19.97,38.64,0.0982749
203884,46,42,47,186,192,t1,-0.50,-4.31,6.96,3.54,-31.68,181.47,0.13,0.03,-0.25,0.96,-0.27,0.03,0.02,1,19.97,38.64,0.0982749
203907,37,48,41,185,190,t1,-0.52,-4.32,7.02,3.54,-31.67,181.47,0.41,0.10,-0.04,0.96,-0.27,0.03,0.02,1,19.97,38.64,0.0982749
203926,54,41,39,179,184,t1,-0.52,-4.31,7.03,3.55,-31.66,181.47,0.55,0.17,0.10,0.96,-0.27,0.03,0.02,1,19.97,38.64,0.0982749
203949,38,47,53,183,190,t1,-0.59,-4.27,6.95,3.56,-31.66,181.47,-0.22,0.10,0.17,0.96,-0.27,0.03,0.02,1,19.97,38.64,0.0982749
203975,43,41,55,189,187,t1,-0.52,-4.34,7.01,3.56,-31.68,181.47,-0.85,-0.11,0.03,0.96,-0.27,0.03,0.02,1,19.97,38.64,0.0982749
203998,42,57,33,192,191,t1,-0.54,-4.31,7.03,3.56,-31.69,181.47,-0.78,-0.11,0.03,0.96,-0.27,0.03,0.02,1,19.97,38.64,0.0982749
204017,41,66,43,188,193,t1,-0.53,-4.32,6.93,3.56,-31.70,181.48,-0.22,-0.04,0.03,0.96,-0.27,0.03,0.02,1,19.97,38.64,0.0982749
204040,38,30,37,180,194,t1,-0.52,-4.29,6.96,3.56,-31.69,181.47,0.48,0.03,-0.04,0.96,-0.27,0.03,0.02,1,19.97,38.64,0.0982749
204059,64,47,42,192,193,t1,-0.53,-4.32,7.03,3.56,-31.68,181.47,0.20,-0.04,-0.11,0.96,-0.27,0.03,0.02,1,19.97,38.64,0.0982749
204082,43,38,47,202,210,t1,-0.51,-4.35,7.08,3.56,-31.69,181.47,-0.29,-0.04,0.03,0.96,-0.27,0.03,0.02,1,19.97,38.64,0.0982749
204102,46,34,57,192,211,t1,-0.53,-4.29,6.96,3.56,-31.69,181.47,-0.36,0.03,-0.04,0.96,-0.27,0.03,0.02,1,19.97,38.64,0.0982749
204124,41,32,47,185,199,t1,-0.52,-4.29,6.96,3.56,-31.70,181.48,-0.29,-0.04,0.10,0.96,-0.27,0.03,0.02,1,19.97,38.64,0.0982749
204144,58,37,34,205,216,t1,-0.52,-4.33,7.01,3.56,-31.71,181.48,-0.64,-0.18,-0.11,0.96,-0.27,0.03,0.02,1,19.97,38.64,0.0982749
204167,36,33,49,199,208,t1,-0.50,-4.33,7.02,3.56,-31.72,181.48,-0.08,0.03,0.10,0.96,-0.27,0.03,0.02,1,19.98,38.68,0.0982841
204198,58,43,38,197,207,t1,-0.54,-4.28,6.94,3.56,-31.71,181.48,0.20,0.10,0.03,0.96,-0.27,0.03,0.02,1,19.98,38.68,0.0982841
204217,51,25,55,194,214,t1,-0.51,-4.33,7.04,3.56,-31.72,181.48,-0.29,-0.11,-0.11,0.96,-0.27,0.03,0.02,1,19.98,38.68,0.0982841
204240,35,38,60,195,212,t1,-0.53,-4.34,7.03,3.56,-31.72,181.48,-0.29,-0.04,-0.11,0.96,-0.27,0.03,0.02,1,19.98,38.68,0.0982841
204260,41,31,38,207,222,t1,-0.53,-4.30,6.96,3.56,-31.72,181.48,0.06,0.10,0.03,0.96,-0.27,0.03,0.02,1,19.98,38.68,0.0982841
204282,54,44,44,215,221,t1,-0.53,-4.26,6.96,3.57,-31.72,181.48,-0.15,0.03,-0.04,0.96,-0.27,0.03,0.02,1,19.98,38.68,0.0982841
204302,55,30,47,207,219,t1,-0.52,-4.31,7.03,3.56,-31.72,181.48,0.06,-0.25,-0.18,0.96,-0.27,0.03,0.02,1,19.98,38.68,0.0982841
204324,44,29,26,211,220,t1,-0.52,-4.37,7.07,3.56,-31.72,181.48,-0.15,-0.04,-0.04,0.96,-0.27,0.03,0.02,1,19.98,38.68,0.0982841
204344,47,76,43,208,209,t1,-0.52,-4.30,6.94,3.56,-31.72,181.47,0.20,0.17,0.03,0.96,-0.27,0.03,0.02,1,19.98,38.68,0.0982841
204366,34,38,33,219,213,t1,-0.54,-4.32,7.05,3.57,-31.71,181.48,-0.08,-0.11,0.10,0.96,-0.27,0.03,0.02,1,19.98,38.68,0.0982841
204393,48,49,38,216,217,t1,-0.54,-4.34,7.02,3.57,-31.71,181.48,0.13,-0.04,-0.11,0.96,-0.27,0.03,0.02,1,19.98,38.68,0.0982841
204415,56,30,60,213,214,t1,-0.54,-4.32,6.97,3.57,-31.71,181.47,0.06,0.17,-0.04,0.96,-0.27,0.03,0.02,1,19.98,38.68,0.0982841
204437,52,27,42,211,213,t1,-0.51,-4.27,6.97,3.57,-31.70,181.47,0.27,0.03,-0.11,0.96,-0.27,0.03,0.02,1,19.98,38.68,0.0982841
204457,42,26,54,220,221,t1,-0.54,-4.33,7.03,3.57,-31.69,181.47,0.20,0.03,-0.04,0.96,-0.27,0.03,0.02,1,19.98,38.68,0.0982841
204477,55,42,55,210,219,t1,-0.54,-4.32,7.05,3.57,-31.69,181.47,-0.01,0.10,-0.11,0.96,-0.27,0.03,0.02,1,19.98,38.68,0.0982841
204500,40,48,52,228,224,t1,-0.53,-4.31,7.02,3.57,-31.70,181.47,-0.22,-0.04,-0.04,0.96,-0.27,0.03,0.02,1,19.98,38.68,0.0982841
204519,33,38,56,216,214,t1,-0.52,-4.29,6.97,3.57,-31.70,181.47,-0.29,-0.04,-0.11,0.96,-0.27,0.03,0.02,1,19.98,38.68,0.0982841
204542,48,41,36,223,207,t1,-0.52,-4.33,7.00,3.57,-31.71,181.47,-0.29,-0.11,-0.11,0.96,-0.27,0.03,0.02,1,19.98,38.68,0.0982841
204561,50,25,50,212,216,t1,-0.51,-4.34,7.04,3.57,-31.70,181.47,0.13,0.03,-0.04,0.96,-0.27,0.03,0.02,1,19.98,38.68,0.0982841
204584,44,41,46,217,222,t1,-0.53,-4.31,7.04,3.58,-31.70,181.47,-0.29,0.10,0.17,0.96,-0.27,0.03,0.02,1,19.98,38.68,0.0982841
204610,44,30,72,220,225,t1,-0.53,-4.31,7.04,3.58,-31.71,181.47,-0.85,-0.11,0.17,0.96,-0.27,0.03,0.02,1,19.98,38.68,0.0982841
204633,45,68,57,214,215,t1,-0.52,-4.34,6.99,3.58,-31.72,181.47,-0.22,0.03,0.17,0.96,-0.27,0.03,0.02,1,19.97,38.68,0.0982759
204654,41,57,33,218,224,t1,-0.53,-4.29,6.96,3.59,-31.71,181.47,0.34,0.10,0.03,0.96,-0.27,0.03,0.02,1,19.97,38.68,0.0982759
204676,55,39,50,218,221,t1,-0.51,-4.29,6.98,3.59,-31.69,181.47,0.76,0.03,-0.04,0.96,-0.27,0.03,0.02,1,19.97,38.68,0.0982759
204696,57,26,42,222,223,t1,-0.52,-4.35,7.07,3.59,-31.68,181.47,0.41,0.10,-0.04,0.96,-0.27,0.03,0.02,1,19.97,38.68,0.0982759
204719,61,41,55,224,224,t1,-0.54,-4.32,7.04,3.59,-31.68,181.47,-0.01,-0.04,0.10,0.96,-0.27,0.03,0.02,1,19.97,38.68,0.0982759
204739,46,25,36,220,219,t1,-0.52,-4.29,7.00,3.59,-31.69,181.48,-0.57,-0.04,0.03,0.96,-0.27,0.03,0.02,1,19.97,38.68,0.0982759
204761,33,27,47,227,216,t1,-0.53,-4.30,6.97,3.59,-31.70,181.47,-0.36,-0.11,-0.11,0.96,-0.27,0.03,0.02,1,19.97,38.68,0.0982759
204781,59,27,46,216,216,t1,-0.52,-4.35,7.01,3.58,-31.70,181.47,-0.08,-0.04,-0.18,0.96,-0.27,0.03,0.02,1,19.97,38.68,0.0982759
204804,46,45,43,216,227,t1,-0.52,-4.29,6.97,3.59,-31.68,181.47,0.41,0.24,0.03,0.96,-0.27,0.03,0.02,1,19.97,38.68,0.0982759
204829,44,59,55,225,225,t1,-0.53,-4.31,7.03,3.59,-31.68,181.47,0.13,-0.11,0.03,0.96,-0.27,0.03,0.02,1,19.97,38.68,0.0982759
204852,48,43,53,217,203,t1,-0.52,-4.32,7.02,3.59,-31.68,181.47,-0.08,0.03,0.03,0.96,-0.27,0.03,0.02,1,19.97,38.68,0.0982759
204872,38,46,52,213,216,t1,-0.52,-4.32,7.02,3.59,-31.68,181.47,0.13,0.10,0.03,0.96,-0.27,0.03,0.02,1,19.97,38.68,0.0982759
204894,57,41,52,222,215,t1,-0.52,-4.29,6.95,3.59,-31.68,181.47,0.13,0.03,-0.11,0.96,-0.27,0.03,0.02,1,19.97,38.68,0.0982759
204914,45,51,51,212,224,t1,-0.52,-4.30,7.02,3.60,-31.66,181.47,0.48,0.10,0.03,0.96,-0.27,0.03,0.02,1,19.97,38.68,0.0982759
204936,41,36,45,220,213,t1,-0.52,-4.33,7.07,3.60,-31.67,181.47,-0.15,0.03,0.03,0.96,-0.27,0.03,0.02,1,19.97,38.68,0.0982759
204956,49,25,38,208,216,t1,-0.52,-4.32,7.01,3.60,-31.67,181.47,-0.43,-0.11,0.10,0.96,-0.27,0.03,0.02,1,19.97,38.68,0.0982759
204979,44,29,36,220,216,t1,-0.54,-4.29,7.00,3.60,-31.68,181.47,-0.29,0.03,0.10,0.96,-0.27,0.03,0.02,1,19.97,38.68,0.0982759
204998,54,31,58,231,223,t1,-0.53,-4.30,6.97,3.59,-31.69,181.47,-0.64,-0.25,-0.18,0.96,-0.27,0.03,0.02,1,19.97,38.68,0.0982759
205021,40,32,45,218,220,t1,-0.50,-4.33,7.03,3.59,-31.68,181.47,0.20,0.03,-0.18,0.96,-0.27,0.03,0.02,1,19.97,38.68,0.0982759
205047,47,51,58,226,225,t1,-0.53,-4.30,7.02,3.59,-31.68,181.47,-0.01,0.10,0.24,0.96,-0.27,0.03,0.02,1,19.97,38.68,0.0982759
205069,56,27,43,220,226,t1,-0.53,-4.32,7.00,3.59,-31.68,181.47,-0.01,0.03,0.03,0.96,-0.27,0.03,0.02,1,19.97,38.68,0.0982759
205089,41,36,35,217,222,t1,-0.54,-4.30,6.99,3.59,-31.67,181.47,0.55,0.03,-0.11,0.96,-0.27,0.03,0.02,1,19.98,38.74,0.0982831
205114,47,40,58,226,223,t1,-0.51,-4.30,7.05,3.59,-31.66,181.46,0.06,-0.04,-0.25,0.96,-0.27,0.03,0.02,1,19.98,38.74,0.0982831
205133,46,45,53,221,217,t1,-0.53,-4.32,7.05,3.59,-31.67,181.46,-0.36,-0.18,-0.11,0.96,-0.27,0.03,0.02,1,19.98,38.74,0.0982831
205156,39,40,43,213,217,t1,-0.52,-4.32,6.99,3.58,-31.68,181.47,-0.50,-0.18,-0.04,0.96,-0.27,0.03,0.02,1,19.98,38.74,0.0982831
205175,42,25,35,218,220,t1,-0.52,-4.30,7.01,3.58,-31.68,181.47,-0.29,-0.11,0.03,0.96,-0.27,0.03,0.02,1,19.98,38.74,0.0982831
205198,52,36,36,216,214,t1,-0.52,-4.31,6.99,3.58,-31.69,181.47,-0.22,-0.04,0.03,0.96,-0.27,0.03,0.02,1,19.98,38.74,0.0982831
205217,48,31,31,220,212,t1,-0.54,-4.33,6.97,3.59,-31.69,181.47,0.06,0.03,-0.04,0.96,-0.27,0.03,0.02,1,19.98,38.74,0.0982831
205240,40,39,40,216,228,t1,-0.53,-4.29,6.98,3.59,-31.67,181.46,0.48,0.10,-0.04,0.96,-0.27,0.03,0.02,1,19.98,38.74,0.0982831
205266,50,39,44,216,216,t1,-0.53,-4.31,7.05,3.59,-31.66,181.46,0.06,0.03,0.03,0.96,-0.27,0.03,0.02,1,19.98,38.74,0.0982831
205289,56,49,51,212,218,t1,-0.53,-4.33,7.05,3.59,-31.67,181.47,-0.29,-0.04,0.17,0.96,-0.27,0.03,0.02,1,19.98,38.74,0.0982831
205309,56,62,56,214,213,t1,-0.54,-4.30,7.02,3.60,-31.67,181.47,-0.43,-0.04,0.03,0.96,-0.27,0.03,0.02,1,19.98,38.74,0.0982831
205331,58,21,33,221,218,t1,-0.54,-4.29,6.94,3.59,-31.68,181.47,-0.22,-0.11,-0.18,0.96,-0.27,0.03,0.02,1,19.98,38.74,0.0982831
205351,48,40,51,218,216,t1,-0.53,-4.31,6.97,3.59,-31.67,181.46,0.34,-0.11,-0.32,0.96,-0.27,0.03,0.02,1,19.98,38.74,0.0982831
205373,36,51,47,218,226,t1,-0.51,-4.32,7.06,3.59,-31.66,181.46,0.41,-0.04,-0.25,0.96,-0.27,0.03,0.02,1,19.98,38.74,0.0982831
205393,46,29,44,218,216,t1,-0.52,-4.33,7.02,3.59,-31.66,181.46,0.27,0.10,-0.04,0.96,-0.27,0.03,0.02,1,19.98,38.74,0.0982831
205415,62,29,47,210,225,t1,-0.51,-4.30,6.99,3.59,-31.66,181.46,-0.15,0.17,0.10,0.96,-0.27,0.03,0.02,1,19.98,38.74,0.0982831
205435,46,31,49,223,204,t1,-0.52,-4.28,6.99,3.59,-31.65,181.46,0.27,-0.04,0.03,0.96,-0.27,0.03,0.02,1,19.98,38.74,0.0982831
205457,41,49,49,207,212,t1,-0.52,-4.32,7.05,3.59,-31.65,181.46,-0.15,-0.04,-0.04,0.96,-0.27,0.03,0.02,1,19.98,38.74,0.0982831
205484,61,31,37,213,224,t1,-0.52,-4.33,6.96,3.59,-31.66,181.46,-0.50,-0.04,0.03,0.96,-0.27,0.03,0.02,1,19.98,38.74,0.0982831
205508,62,25,44,220,214,t1,-0.51,-4.30,7.00,3.59,-31.66,181.46,-0.01,0.03,0.03,0.96,-0.27,0.03,0.02,1,19.98,38.74,0.0982831
205526,40,49,71,215,215,t1,-0.55,-4.29,6.97,3.59,-31.66,181.46,0.20,0.10,0.03,0.96,-0.27,0.03,0.02,1,19.98,38.74,0.0982831
205548,40,31,36,217,215,t1,-0.53,-4.33,7.04,3.59,-31.65,181.45,0.48,0.10,-0.04,0.96,-0.27,0.03,0.02,1,19.99,38.79,0.0982760
205570,48,43,35,218,220,t1,-0.54,-4.34,7.03,3.59,-31.65,181.45,-0.22,-0.04,-0.04,0.96,-0.27,0.03,0.02,1,19.99,38.79,0.0982760
205593,41,34,32,214,227,t1,-0.51,-4.32,7.00,3.59,-31.67,181.46,-1.13,-0.25,0.03,0.96,-0.27,0.03,0.02,1,19.99,38.79,0.0982760
205612,35,52,40,213,212,t1,-0.53,-4.28,6.97,3.59,-31.67,181.46,-0.01,-0.04,0.17,0.96,-0.27,0.03,0.02,1,19.99,38.79,0.0982760
205635,44,33,43,222,223,t1,-0.52,-4.31,6.97,3.59,-31.66,181.46,0.41,0.03,-0.11,0.96,-0.27,0.03,0.02,1,19.99,38.79,0.0982760
205654,38,36,57,215,227,t1,-0.53,-4.32,7.05,3.59,-31.65,181.46,0.41,0.03,-0.11,0.96,-0.27,0.03,0.02,1,19.99,38.79,0.0982760
205677,44,45,33,222,226,t1,-0.53,-4.30,7.05,3.59,-31.66,181.46,-0.29,-0.11,0.17,0.96,-0.27,0.03,0.02,1,19.99,38.79,0.0982760
205703,57,43,33,219,219,t1,-0.52,-4.29,6.98,3.59,-31.67,181.46,-0.85,-0.18,0.10,0.96,-0.27,0.03,0.02,1,19.99,38.79,0.0982760
205726,44,48,45,218,207,t1,-0.53,-4.31,6.98,3.59,-31.68,181.46,-0.29,0.03,0.03,0.96,-0.27,0.03,0.02,1,19.99,38.79,0.0982760
205745,44,37,52,215,223,t1,-0.54,-4.30,6.99,3.60,-31.67,181.46,0.20,0.10,0.03,0.96,-0.27,0.03,0.02,1,19.99,38.79,0.0982760
205768,60,28,40,229,221,t1,-0.54,-4.30,7.01,3.60,-31.67,181.46,0.41,0.10,0.03,0.96,-0.27,0.03,0.02,1,19.99,38.79,0.0982760
205787,37,30,45,227,229,t1,-0.53,-4.31,7.05,3.60,-31.66,181.46,-0.01,0.03,0.03,0.96,-0.27,0.03,0.02,1,19.99,38.79,0.0982760
205811,52,34,43,214,215,t1,-0.51,-4.32,6.98,3.61,-31.66,181.46,0.20,0.17,0.10,0.96,-0.27,0.03,0.02,1,19.99,38.79,0.0982760
205829,44,27,40,216,223,t1,-0.52,-4.30,7.00,3.61,-31.65,181.46,0.20,0.10,0.03,0.96,-0.27,0.03,0.02,1,19.99,38.79,0.0982760
205852,57,43,26,218,219,t1,-0.54,-4.30,7.02,3.61,-31.65,181.46,-0.01,-0.04,0.03,0.96,-0.27,0.03,0.02,1,19.99,38.79,0.0982760
205872,56,25,44,225,218,t1,-0.52,-4.33,7.04,3.61,-31.65,181.46,-0.08,-0.18,-0.18,0.96,-0.27,0.03,0.02,1,19.99,38.79,0.0982760
205895,48,41,48,227,219,t1,-0.53,-4.30,7.00,3.60,-31.65,181.46,0.27,0.03,-0.11,0.96,-0.27,0.03,0.02,1,19.99,38.79,0.0982760
205921,48,42,36,225,217,t1,-0.54,-4.31,7.02,3.60,-31.64,181.46,0.34,0.03,-0.11,0.96,-0.27,0.03,0.02,1,19.99,38.79,0.0982760
205944,46,34,38,227,225,t1,-0.53,-4.31,7.02,3.61,-31.64,181.46,-0.01,0.17,0.03,0.96,-0.27,0.03,0.02,1,19.99,38.79,0.0982760
205963,37,26,41,229,214,t1,-0.54,-4.30,7.00,3.61,-31.64,181.45,0.13,0.03,-0.11,0.96,-0.27,0.03,0.02,1,19.99,38.79,0.0982760
205985,50,35,35,225,223,t1,-0.52,-4.31,6.99,3.60,-31.65,181.45,-0.29,-0.11,-0.04,0.96,-0.27,0.03,0.02,1,19.99,38.79,0.0982760
206005,33,48,51,220,222,t1,-0.52,-4.31,7.01,3.60,-31.66,181.46,-0.57,-0.11,0.03,0.96,-0.27,0.03,0.02,1,19.99,38.76,0.0982781
206030,51,46,52,201,209,t1,-0.53,-4.33,6.98,3.60,-31.66,181.45,-0.08,0.03,-0.11,0.96,-0.27,0.03,0.02,1,19.99,38.76,0.0982781
206050,53,44,35,221,229,t1,-0.52,-4.30,7.00,3.61,-31.65,181.45,0.48,0.10,0.10,0.96,-0.27,0.03,0.02,1,19.99,38.76,0.0982781
206072,44,23,51,230,224,t1,-0.52,-4.28,6.97,3.61,-31.65,181.45,0.13,0.10,0.03,0.96,-0.27,0.03,0.02,1,19.99,38.76,0.0982781
206091,53,31,33,214,215,t1,-0.52,-4.32,7.08,3.61,-31.64,181.46,0.13,0.03,0.10,0.96,-0.27,0.03,0.02,1,19.99,38.76,0.0982781
206114,45,41,41,219,219,t1,-0.51,-4.30,6.97,3.61,-31.65,181.46,-0.15,0.03,0.03,0.96,-0.27,0.03,0.02,1,19.99,38.76,0.0982781
206140,40,47,46,213,223,t1,-0.54,-4.29,6.99,3.61,-31.65,181.46,-0.22,-0.11,0.10,0.96,-0.27,0.03,0.02,1,19.99,38.76,0.0982781
206163,46,34,68,226,227,t1,-0.53,-4.32,7.00,3.62,-31.65,181.46,0.27,0.03,0.10,0.96,-0.27,0.03,0.02,1,19.99,38.76,0.0982781
206182,47,28,67,223,218,t1,-0.51,-4.34,7.04,3.62,-31.64,181.46,0.48,0.03,0.03,0.96,-0.27,0.03,0.02,1,19.99,38.76,0.0982781
206205,57,26,49,219,203,t1,-0.53,-4.31,7.03,3.61,-31.64,181.46,-0.29,-0.04,-0.11,0.96,-0.27,0.03,0.02,1,19.99,38.76,0.0982781
206225,40,40,43,219,229,t1,-0.52,-4.30,7.01,3.61,-31.65,181.46,-0.50,-0.25,0.03,0.96,-0.27,0.03,0.02,1,19.99,38.76,0.0982781
206247,44,36,43,220,219,t1,-0.52,-4.32,6.98,3.61,-31.66,181.46,-0.22,-0.11,-0.11,0.96,-0.27,0.03,0.02,1,19.99,38.76,0.0982781
206267,51,40,59,222,222,t1,-0.53,-4.31,7.01,3.61,-31.65,181.46,0.27,0.03,-0.11,0.96,-0.27,0.03,0.02,1,19.99,38.76,0.0982781
206289,45,44,53,216,222,t1,-0.52,-4.31,7.03,3.61,-31.64,181.46,0.27,0.03,0.03,0.96,-0.27,0.03,0.02,1,19.99,38.76,0.0982781
206308,57,33,34,217,218,t1,-0.52,-4.32,7.03,3.61,-31.64,181.46,-0.08,-0.04,0.03,0.96,-0.27,0.03,0.02,1,19.99,38.76,0.0982781
206332,50,45,37,237,229,t1,-0.52,-4.31,7.01,3.60,-31.66,181.47,-0.78,-0.11,0.10,0.96,-0.27,0.03,0.02,1,19.99,38.76,0.0982781
206358,40,28,46,217,219,t1,-0.52,-4.30,6.97,3.61,-31.67,181.46,-0.15,0.03,-0.04,0.96,-0.27,0.03,0.02,1,19.99,38.76,0.0982781
206380,42,48,33,226,222,t1,-0.52,-4.30,6.98,3.61,-31.66,181.46,0.41,0.03,-0.04,0.96,-0.27,0.03,0.02,1,19.99,38.76,0.0982781
206400,53,45,55,230,206,t1,-0.53,-4.30,7.00,3.61,-31.65,181.46,0.55,0.10,-0.11,0.96,-0.27,0.03,0.02,1,19.99,38.76,0.0982781
206422,41,42,49,220,217,t1,-0.54,-4.32,7.03,3.61,-31.64,181.46,0.34,0.03,-0.18,0.96,-0.27,0.03,0.02,1,19.99,38.76,0.0982781
206442,51,41,49,219,224,t1,-0.52,-4.30,7.05,3.60,-31.66,181.46,-1.20,-0.32,0.10,0.96,-0.27,0.03,0.02,1,19.99,38.76,0.0982781
206465,45,49,27,230,242,t1,-0.54,-4.29,6.95,3.61,-31.66,181.47,-0.15,-0.04,0.10,0.96,-0.27,0.03,0.02,1,20.02,38.82,0.0982781
206486,54,37,38,225,217,t1,-0.50,-4.33,6.97,3.61,-31.66,181.46,0.27,0.10,-0.04,0.96,-0.27,0.03,0.02,1,20.02,38.82,0.0982781
206509,43,43,29,220,221,t1,-0.53,-4.31,7.02,3.61,-31.65,181.46,0.41,0.10,-0.11,0.96,-0.27,0.03,0.02,1,20.02,38.82,0.0982781
206528,45,46,42,217,220,t1,-0.52,-4.31,7.04,3.61,-31.64,181.46,0.27,0.03,-0.04,0.96,-0.27,0.03,0.02,1,20.02,38.82,0.0982781
206551,39,45,47,211,229,t1,-0.54,-4.29,6.99,3.61,-31.66,181.46,-0.57,-0.04,0.10,0.96,-0.27,0.03,0.02,1,20.02,38.82,0.0982781
206579,54,39,29,219,205,t1,-0.52,-4.30,6.98,3.61,-31.66,181.46,-0.29,-0.11,-0.11,0.96,-0.27,0.03,0.02,1,20.02,38.82,0.0982781
206600,45,49,50,216,215,t1,-0.52,-4.31,6.99,3.60,-31.66,181.46,-0.08,-0.11,-0.11,0.96,-0.27,0.03,0.02,1,20.02,38.82,0.0982781
206620,52,45,24,215,215,t1,-0.52,-4.31,7.01,3.60,-31.66,181.46,0.34,-0.04,-0.04,0.96,-0.27,0.03,0.02,1,20.02,38.82,0.0982781
206642,40,42,57,218,219,t1,-0.51,-4.33,7.05,3.61,-31.65,181.46,0.13,0.10,0.10,0.96,-0.27,0.03,0.02,1,20.02,38.82,0.0982781
206661,56,34,54,218,208,t1,-0.53,-4.31,7.00,3.61,-31.66,181.47,-0.64,-0.11,0.24,0.96,-0.27,0.03,0.02,1,20.02,38.82,0.0982781
206684,42,57,40,216,203,t1,-0.53,-4.30,7.01,3.61,-31.67,181.47,-0.57,-0.18,0.10,0.96,-0.27,0.03,0.02,1,20.02,38.82,0.0982781
206704,44,39,37,211,220,t1,-0.53,-4.28,6.96,3.61,-31.67,181.47,0.13,0.03,0.03,0.96,-0.27,0.03,0.02,1,20.02,38.82,0.0982781
206726,56,41,34,204,216,t1,-0.52,-4.32,7.01,3.61,-31.67,181.47,0.06,-0.11,-0.04,0.96,-0.27,0.03,0.02,1,20.02,38.82,0.0982781
206746,41,51,35,216,214,t1,-0.52,-4.30,7.10,3.60,-31.67,181.48,-0.08,-0.18,0.03,0.96,-0.27,0.03,0.02,1,20.02,38.82,0.0982781
206769,39,49,44,222,221,t1,-0.52,-4.30,6.97,3.60,-31.66,181.47,0.13,-0.11,-0.18,0.96,-0.27,0.03,0.02,1,20.02,38.82,0.0982781
206794,47,52,34,217,231,t1,-0.54,-4.30,6.98,3.60,-31.66,181.47,0.06,-0.11,-0.11,0.96,-0.27,0.03,0.02,1,20.02,38.82,0.0982781
206817,53,39,34,229,226,t1,-0.53,-4.32,7.10,3.60,-31.66,181.47,0.06,-0.18,-0.11,0.96,-0.27,0.03,0.02,1,20.02,38.82,0.0982781
206837,42,36,35,228,243,t1,-0.45,-4.29,7.16,3.59,-31.67,181.48,-0.99,-0.32,-0.04,0.96,-0.27,0.03,0.02,1,20.02,38.82,0.0982781
206860,41,67,35,229,230,t1,-0.54,-4.23,7.02,3.59,-31.65,181.48,0.69,-0.04,0.17,0.96,-0.27,0.03,0.02,1,20.02,38.82,0.0982781
206879,46,41,37,243,244,t1,-0.52,-4.33,6.98,3.59,-31.65,181.48,-0.01,0.03,-0.04,0.96,-0.27,0.03,0.02,1,20.02,38.82,0.0982781
206902,56,38,52,246,253,t1,-0.54,-4.31,7.06,3.59,-31.65,181.48,-0.22,-0.04,0.10,0.96,-0.27,0.03,0.02,1,20.02,38.82,0.0982781
206921,60,43,41,243,250,t1,-0.51,-4.33,7.01,3.59,-31.66,181.48,-0.08,0.03,-0.04,0.96,-0.27,0.03,0.02,1,19.98,38.83,0.0982802
206946,43,39,49,259,275,t1,-0.51,-4.28,6.96,3.59,-31.65,181.48,0.06,0.03,0.03,0.96,-0.27,0.03,0.02,1,19.98,38.83,0.0982802
206965,44,35,43,280,265,t1,-0.52,-4.30,7.02,3.59,-31.66,181.48,-0.29,-0.18,-0.04,0.96,-0.27,0.03,0.02,1,19.98,38.83,0.0982802
206988,41,68,51,280,283,t1,-0.53,-4.33,7.00,3.59,-31.67,181.48,-0.29,0.03,-0.04,0.96,-0.27,0.03,0.02,1,19.98,38.83,0.0982802
207014,41,36,53,274,280,t1,-0.52,-4.29,6.98,3.59,-31.67,181.48,-0.15,-0.04,0.03,0.96,-0.27,0.03,0.02,1,19.98,38.83,0.0982802
207037,49,49,61,271,264,t1,-0.53,-4.30,6.98,3.59,-31.67,181.48,0.34,0.10,-0.11,0.96,-0.27,0.03,0.02,1,19.98,38.83,0.0982802
207056,51,30,32,274,274,t1,-0.54,-4.34,7.07,3.59,-31.66,181.48,0.48,0.10,-0.04,0.96,-0.27,0.03,0.02,1,19.98,38.83,0.0982802
207079,59,38,35,256,270,t1,-0.52,-4.31,7.05,3.59,-31.65,181.48,0.20,-0.04,-0.04,0.96,-0.27,0.03,0.02,1,19.98,38.83,0.0982802
207099,34,41,45,258,278,t1,-0.52,-4.28,6.97,3.59,-31.65,181.48,-0.29,-0.04,0.10,0.96,-0.27,0.03,0.02,1,19.98,38.83,0.0982802
207121,57,44,60,253,247,t1,-0.52,-4.31,6.98,3.59,-31.65,181.48,0.06,0.03,-0.04,0.96,-0.27,0.03,0.02,1,19.98,38.83,0.0982802
207140,37,38,50,233,239,t1,-0.52,-4.31,7.01,3.60,-31.64,181.48,0.41,0.10,0.03,0.96,-0.27,0.03,0.02,1,19.98,38.83,0.0982802
207163,49,46,37,227,246,t1,-0.54,-4.31,7.04,3.60,-31.63,181.48,0.48,0.17,0.10,0.96,-0.27,0.03,0.02,1,19.98,38.83,0.0982802
207182,43,44,53,230,245,t1,-0.53,-4.31,7.04,3.60,-31.64,181.48,-0.57,-0.04,0.03,0.96,-0.27,0.03,0.02,1,19.98,38.83,0.0982802
207205,49,42,46,220,221,t1,-0.55,-4.30,7.00,3.60,-31.67,181.48,-0.71,-0.11,0.03,0.96,-0.27,0.03,0.02,1,19.98,38.83,0.0982802
207232,39,36,46,222,222,t1,-0.51,-4.28,7.01,3.60,-31.66,181.49,0.41,-0.04,0.03,0.96,-0.27,0.03,0.02,1,19.98,38.83,0.0982802
207254,42,37,46,212,231,t1,-0.52,-4.31,6.99,3.60,-31.65,181.48,0.48,0.17,0.03,0.96,-0.27,0.03,0.02,1,19.98,38.83,0.0982802
207273,57,40,42,196,200,t1,-0.53,-4.33,7.07,3.61,-31.64,181.48,0.13,0.03,0.03,0.96,-0.27,0.03,0.02,1,19.98,38.83,0.0982802
207296,50,38,37,203,211,t1,-0.54,-4.32,7.05,3.61,-31.65,181.49,-0.50,-0.11,0.10,0.96,-0.27,0.03,0.02,1,19.98,38.83,0.0982802
207316,51,39,37,190,208,t1,-0.52,-4.30,6.97,3.60,-31.66,181.49,-0.43,-0.11,0.03,0.96,-0.27,0.03,0.02,1,19.98,38.83,0.0982802
207338,52,35,33,188,187,t1,-0.53,-4.30,6.97,3.61,-31.66,181.49,0.20,0.03,0.03,0.96,-0.27,0.03,0.02,1,19.98,38.83,0.0982802
207357,35,54,39,183,187,t1,-0.53,-4.31,7.02,3.61,-31.65,181.49,0.41,0.03,-0.04,0.96,-0.27,0.03,0.02,1,19.98,38.83,0.0982802
207380,36,31,25,186,198,t1,-0.52,-4.33,7.04,3.61,-31.64,181.49,0.27,0.10,-0.04,0.96,-0.27,0.03,0.02,1,19.98,38.84,0.0982761
207402,36,51,61,186,194,t1,-0.53,-4.31,7.04,3.61,-31.64,181.49,0.13,0.03,-0.04,0.96,-0.27,0.03,0.02,1,19.98,38.84,0.0982761
207425,41,46,42,189,211,t1,-0.53,-4.31,6.99,3.61,-31.65,181.49,-0.36,-0.11,0.03,0.96,-0.27,0.03,0.02,1,19.98,38.84,0.0982761
207451,39,34,47,204,214,t1,-0.52,-4.31,7.02,3.61,-31.64,181.49,0.13,-0.04,-0.04,0.96,-0.27,0.03,0.02,1,19.98,38.84,0.0982761
207474,60,62,50,201,215,t1,-0.52,-4.32,7.03,3.61,-31.64,181.49,-0.01,-0.04,-0.04,0.96,-0.27,0.03,0.02,1,19.98,38.84,0.0982761
207493,54,42,74,214,211,t1,-0.52,-4.32,7.00,3.60,-31.65,181.49,-0.29,-0.11,-0.04,0.96,-0.27,0.03,0.02,1,19.98,38.84,0.0982761
207516,54,28,32,219,220,t1,-0.53,-4.31,7.01,3.61,-31.65,181.49,-0.15,0.10,0.10,0.96,-0.27,0.03,0.02,1,19.98,38.84,0.0982761
207535,57,39,49,212,220,t1,-0.53,-4.30,6.99,3.61,-31.65,181.49,0.20,0.03,-0.04,0.96,-0.27,0.03,0.02,1,19.98,38.84,0.0982761
207558,34,33,43,213,225,t1,-0.52,-4.32,7.02,3.61,-31.64,181.49,0.13,0.03,-0.04,0.96,-0.27,0.03,0.02,1,19.98,38.84,0.0982761
207577,58,39,19,210,219,t1,-0.53,-4.32,7.02,3.61,-31.64,181.49,0.13,-0.04,-0.04,0.96,-0.27,0.03,0.02,1,19.98,38.84,0.0982761
207600,37,25,52,216,221,t1,-0.52,-4.31,7.01,3.61,-31.64,181.49,-0.15,-0.04,-0.11,0.96,-0.27,0.03,0.02,1,19.98,38.84,0.0982761
207620,57,35,62,220,218,t1,-0.52,-4.31,6.99,3.61,-31.65,181.49,-0.22,-0.04,0.03,0.96,-0.27,0.03,0.02,1,19.98,38.84,0.0982761
207642,56,37,60,218,214,t1,-0.53,-4.32,7.05,3.61,-31.64,181.49,0.27,0.10,0.03,0.96,-0.27,0.03,0.02,1,19.98,38.84,0.0982761
207668,57,39,48,219,198,t1,-0.53,-4.31,7.01,3.61,-31.65,181.49,-0.64,-0.04,-0.04,0.96,-0.27,0.03,0.02,1,19.98,38.84,0.0982761
207691,39,45,40,207,208,t1,-0.52,-4.30,6.99,3.61,-31.65,181.48,0.06,0.03,-0.18,0.96,-0.27,0.03,0.02,1,19.98,38.84,0.0982761
207710,46,41,39,215,217,t1,-0.51,-4.31,6.99,3.60,-31.66,181.49,-0.43,-0.11,0.03,0.96,-0.27,0.03,0.02,1,19.98,38.84,0.0982761
207735,40,39,53,215,213,t1,-0.53,-4.32,7.00,3.60,-31.66,181.49,-0.08,-0.04,-0.04,0.96,-0.27,0.03,0.02,1,19.98,38.84,0.0982761
207753,43,35,28,214,215,t1,-0.53,-4.33,7.02,3.61,-31.65,181.48,0.20,0.17,0.03,0.96,-0.27,0.03,0.02,1,19.98,38.84,0.0982761
207775,44,22,58,204,219,t1,-0.51,-4.30,6.99,3.61,-31.65,181.48,0.13,0.03,-0.11,0.96,-0.27,0.03,0.02,1,19.98,38.84,0.0982761
207794,54,39,45,217,221,t1,-0.53,-4.30,7.03,3.61,-31.65,181.48,-0.01,-0.04,0.03,0.96,-0.27,0.03,0.02,1,19.98,38.84,0.0982761
207817,61,26,48,214,222,t1,-0.53,-4.33,7.02,3.61,-31.65,181.48,-0.01,-0.04,-0.11,0.96,-0.27,0.03,0.02,1,19.98,38.84,0.0982761
207837,58,36,51,212,224,t1,-0.51,-4.31,6.98,3.61,-31.65,181.48,-0.01,0.10,-0.04,0.96,-0.27,0.03,0.02,1,19.98,38.82,0.0982761
207862,56,27,41,225,219,t1,-0.54,-4.31,7.01,3.61,-31.65,181.48,-0.08,-0.04,0.03,0.96,-0.27,0.03,0.02,1,19.98,38.82,0.0982761
207888,39,20,53,216,224,t1,-0.53,-4.32,7.00,3.61,-31.65,181.48,0.13,-0.04,-0.11,0.96,-0.27,0.03,0.02,1,19.98,38.82,0.0982761
207911,50,37,37,217,218,t1,-0.52,-4.30,7.02,3.61,-31.64,181.48,0.06,-0.04,-0.11,0.96,-0.27,0.03,0.02,1,19.98,38.82,0.0982761
207930,42,38,25,213,208,t1,-0.52,-4.32,7.04,3.61,-31.65,181.48,-0.57,-0.18,0.10,0.96,-0.27,0.03,0.02,1,19.98,38.82,0.0982761
207953,59,32,27,223,210,t1,-0.53,-4.33,7.01,3.60,-31.67,181.49,-0.50,-0.18,0.03,0.96,-0.27,0.03,0.02,1,19.98,38.82,0.0982761
207972,50,51,51,205,219,t1,-0.51,-4.31,6.99,3.60,-31.67,181.49,-0.36,-0.04,0.03,0.96,-0.27,0.03,0.02,1,19.98,38.82,0.0982761
207995,40,36,39,214,206,t1,-0.53,-4.30,6.97,3.60,-31.67,181.49,0.13,0.10,-0.04,0.96,-0.27,0.03,0.02,1,19.98,38.82,0.0982761
208014,42,37,50,215,222,t1,-0.53,-4.31,7.00,3.61,-31.66,181.49,0.20,0.03,0.03,0.96,-0.27,0.03,0.02,1,19.98,38.82,0.0982761
208036,48,45,36,226,223,t1,-0.53,-4.33,7.03,3.61,-31.66,181.48,0.27,0.10,-0.11,0.96,-0.27,0.03,0.02,1,19.98,38.82,0.0982761
208056,40,26,31,210,215,t1,-0.53,-4.30,7.01,3.61,-31.66,181.48,-0.01,0.10,0.03,0.96,-0.27,0.03,0.02,1,19.98,38.82,0.0982761
208079,41,22,34,218,230,t1,-0.53,-4.29,6.97,3.61,-31.65,181.48,0.27,0.10,-0.18,0.96,-0.27,0.03,0.02,1,19.98,38.82,0.0982761
208105,33,30,49,209,224,t1,-0.53,-4.30,7.03,3.61,-31.64,181.48,0.41,0.03,-0.11,0.96,-0.27,0.03,0.02,1,19.98,38.82,0.0982761
208128,43,50,48,213,227,t1,-0.53,-4.33,7.05,3.61,-31.64,181.48,-0.01,-0.04,-0.04,0.96,-0.27,0.03,0.02,1,19.98,38.82,0.0982761
208148,50,44,38,219,223,t1,-0.53,-4.32,7.02,3.61,-31.65,181.48,-0.43,-0.04,-0.11,0.96,-0.27,0.03,0.02,1,19.98,38.82,0.0982761
208170,48,36,35,193,207,t1,-0.51,-4.31,7.01,3.61,-31.66,181.48,-0.57,-0.11,0.10,0.96,-0.27,0.03,0.02,1,19.98,38.82,0.0982761
208189,32,31,57,189,196,t1,-0.53,-4.30,7.00,3.60,-31.68,181.48,-0.78,-0.25,-0.11,0.96,-0.27,0.03,0.02,1,19.98,38.82,0.0982761
208212,66,40,44,203,192,t1,-0.52,-4.32,6.97,3.61,-31.67,181.48,0.20,0.10,0.03,0.96,-0.27,0.03,0.02,1,19.98,38.82,0.0982761
208231,54,54,25,196,206,t1,-0.50,-4.31,7.07,3.61,-31.66,181.48,0.69,0.10,0.03,0.96,-0.27,0.03,0.02,1,19.98,38.82,0.0982761
208254,49,29,53,195,212,t1,-0.51,-4.32,7.02,3.61,-31.65,181.48,0.55,0.24,-0.04,0.96,-0.27,0.03,0.02,1,19.98,38.82,0.0982761
208274,42,65,47,205,217,t1,-0.53,-4.32,7.05,3.62,-31.63,181.48,0.48,0.17,0.17,0.96,-0.27,0.03,0.02,1,19.98,38.82,0.0982761
208296,42,35,47,208,220,t1,-0.53,-4.28,7.00,3.62,-31.63,181.48,0.27,0.03,-0.04,0.96,-0.27,0.03,0.02,1,19.98,38.81,0.0982741
208328,57,43,36,207,212,t1,-0.53,-4.31,7.01,3.62,-31.62,181.48,0.13,-0.18,-0.11,0.96,-0.27,0.03,0.02,1,19.98,38.81,0.0982741
208347,47,52,45,224,219,t1,-0.52,-4.33,7.04,3.61,-31.63,181.48,-0.29,-0.18,-0.18,0.96,-0.27,0.03,0.02,1,19.98,38.81,0.0982741
208370,60,37,32,214,217,t1,-0.52,-4.33,7.06,3.61,-31.64,181.48,-0.71,-0.25,-0.11,0.96,-0.27,0.03,0.02,1,19.98,38.81,0.0982741
208390,58,31,32,212,228,t1,-0.52,-4.31,6.99,3.60,-31.66,181.48,-0.71,-0.25,-0.11,0.96,-0.27,0.03,0.02,1,19.98,38.81,0.0982741
208412,41,36,38,221,228,t1,-0.52,-4.30,6.98,3.60,-31.66,181.48,-0.43,-0.18,-0.11,0.96,-0.27,0.03,0.02,1,19.98,38.81,0.0982741
208432,58,33,65,216,220,t1,-0.51,-4.32,7.01,3.60,-31.67,181.48,-0.15,0.03,0.10,0.96,-0.27,0.03,0.02,1,19.98,38.81,0.0982741
208455,45,42,29,224,221,t1,-0.52,-4.32,7.00,3.60,-31.66,181.48,0.13,0.10,0.10,0.96,-0.27,0.03,0.02,1,19.98,38.81,0.0982741
208474,55,32,47,224,229,t1,-0.53,-4.32,7.00,3.61,-31.66,181.48,0.13,0.10,0.10,0.96,-0.27,0.03,0.02,1,19.98,38.81,0.0982741
208497,49,32,47,216,233,t1,-0.54,-4.32,7.00,3.61,-31.66,181.48,-0.08,-0.04,0.03,0.96,-0.27,0.03,0.02,1,19.98,38.81,0.0982741
208523,52,53,39,219,219,t1,-0.52,-4.31,7.01,3.61,-31.66,181.48,-0.08,0.03,-0.04,0.96,-0.27,0.03,0.02,1,19.98,38.81,0.0982741
208546,45,36,35,236,228,t1,-0.53,-4.30,7.01,3.61,-31.67,181.48,-0.29,-0.04,0.03,0.96,-0.27,0.03,0.02,1,19.98,38.81,0.0982741
208565,41,25,34,227,243,t1,-0.53,-4.31,7.01,3.60,-31.67,181.49,-0.36,-0.25,-0.04,0.96,-0.27,0.03,0.02,1,19.98,38.81,0.0982741
208588,46,44,53,220,226,t1,-0.51,-4.32,6.97,3.60,-31.69,181.49,-0.50,-0.11,-0.11,0.96,-0.27,0.03,0.02,1,19.98,38.81,0.0982741
208607,41,36,51,224,220,t1,-0.54,-4.31,6.99,3.60,-31.68,181.48,0.48,0.10,-0.18,0.96,-0.27,0.03,0.02,1,19.98,38.81,0.0982741
208630,50,35,37,218,214,t1,-0.52,-4.31,7.02,3.60,-31.67,181.48,0.34,0.10,-0.18,0.96,-0.27,0.03,0.02,1,19.98,38.81,0.0982741
208649,51,30,31,220,232,t1,-0.51,-4.32,7.02,3.60,-31.66,181.48,0.20,0.03,-0.04,0.96,-0.27,0.03,0.02,1,19.98,38.81,0.0982741
208672,52,43,55,215,220,t1,-0.53,-4.31,7.04,3.60,-31.66,181.48,-0.08,0.03,0.10,0.96,-0.27,0.03,0.02,1,19.98,38.81,0.0982741
208691,56,32,42,213,212,t1,-0.53,-4.31,7.01,3.60,-31.67,181.48,-0.29,-0.11,-0.04,0.96,-0.27,0.03,0.02,1,19.98,38.81,0.0982741
208714,41,41,46,213,218,t1,-0.53,-4.32,7.00,3.60,-31.67,181.48,-0.08,-0.04,-0.11,0.96,-0.27,0.03,0.02,1,19.98,38.81,0.0982741
208741,37,40,53,206,219,t1,-0.52,-4.32,7.00,3.60,-31.67,181.48,0.20,0.03,-0.04,0.96,-0.27,0.03,0.02,1,19.98,38.81,0.0982741
208763,46,28,60,220,214,t1,-0.53,-4.31,7.03,3.60,-31.67,181.48,-0.22,0.03,0.03,0.96,-0.27,0.03,0.02,1,19.99,38.85,0.0982792
208785,51,41,41,216,228,t1,-0.53,-4.30,6.99,3.60,-31.68,181.48,-0.43,-0.04,-0.04,0.96,-0.27,0.03,0.02,1,19.99,38.85,0.0982792
208808,61,35,33,217,211,t1,-0.53,-4.32,7.01,3.60,-31.68,181.48,-0.08,-0.04,-0.04,0.96,-0.27,0.03,0.02,1,19.99,38.85,0.0982792
208827,31,35,51,226,221,t1,-0.52,-4.31,7.01,3.60,-31.67,181.48,0.20,0.03,-0.04,0.96,-0.27,0.03,0.02,1,19.99,38.85,0.0982792
208849,53,32,55,225,224,t1,-0.53,-4.31,7.01,3.60,-31.67,181.47,0.34,0.03,-0.18,0.96,-0.27,0.03,0.02,1,19.99,38.85,0.0982792
208869,54,46,44,223,225,t1,-0.51,-4.33,7.03,3.60,-31.66,181.47,0.27,0.10,-0.04,0.96,-0.27,0.03,0.02,1,19.99,38.85,0.0982792
208892,41,27,44,216,219,t1,-0.53,-4.30,7.01,3.60,-31.66,181.47,0.13,0.10,0.03,0.96,-0.27,0.03,0.02,1,19.99,38.85,0.0982792
208911,39,25,45,221,221,t1,-0.53,-4.31,7.02,3.60,-31.65,181.47,0.06,-0.04,0.03,0.96,-0.27,0.03,0.02,1,19.99,38.85,0.0982792
208933,55,31,32,224,214,t1,-0.53,-4.31,7.01,3.60,-31.66,181.47,-0.15,-0.11,-0.11,0.96,-0.27,0.03,0.02,1,19.99,38.85,0.0982792
208960,52,46,55,218,214,t1,-0.53,-4.30,7.02,3.60,-31.66,181.47,-0.01,0.03,0.03,0.96,-0.27,0.03,0.02,1,19.99,38.85,0.0982792
208985,52,21,42,209,220,t1,-0.48,-4.27,7.25,3.59,-31.63,181.47,0.55,-0.32,-0.18,0.96,-0.27,0.03,0.02,1,19.99,38.85,0.0982792
209002,57,22,54,219,216,t1,-0.53,-4.35,6.94,3.59,-31.65,181.47,-0.57,0.03,-0.11,0.96,-0.27,0.03,0.02,1,19.99,38.85,0.0982792
209025,54,40,38,210,222,t1,-0.51,-4.29,7.06,3.59,-31.67,181.47,-1.13,-0.32,0.03,0.96,-0.27,0.03,0.02,1,19.99,38.85,0.0982792
209044,52,36,34,221,214,t1,-0.53,-4.34,6.93,3.59,-31.68,181.48,-0.15,-0.04,0.03,0.96,-0.27,0.03,0.02,1,19.99,38.85,0.0982792
209067,38,49,30,212,219,t1,-0.53,-4.30,7.02,3.59,-31.67,181.48,0.06,0.03,0.03,0.96,-0.27,0.03,0.02,1,19.99,38.85,0.0982792
209086,46,35,54,219,219,t1,-0.52,-4.32,6.98,3.59,-31.66,181.47,0.76,0.10,-0.11,0.96,-0.27,0.03,0.02,1,19.99,38.85,0.0982792
209109,53,42,50,221,202,t1,-0.52,-4.33,7.00,3.60,-31.65,181.47,0.62,0.24,0.10,0.96,-0.27,0.03,0.02,1,19.99,38.85,0.0982792
209128,47,26,53,222,228,t1,-0.48,-4.29,7.16,3.59,-31.63,181.48,0.62,-0.18,0.03,0.96,-0.27,0.03,0.02,1,19.99,38.85,0.0982792
209151,52,45,48,217,226,t1,-0.52,-4.27,7.19,3.58,-31.63,181.49,-0.78,-0.46,0.17,0.96,-0.27,0.03,0.02,1,19.99,38.85,0.0982792
209177,65,39,59,224,217,t1,-0.52,-4.34,6.92,3.58,-31.65,181.48,-0.85,-0.04,-0.11,0.96,-0.27,0.03,0.02,1,19.99,38.85,0.0982792
209200,65,39,51,217,222,t1,-0.52,-4.30,7.00,3.58,-31.65,181.48,0.27,-0.04,-0.18,0.96,-0.27,0.03,0.02,1,19.99,38.85,0.0982792
209219,40,34,37,221,206,t1,-0.53,-4.30,7.00,3.58,-31.65,181.48,-0.36,-0.11,-0.04,0.96,-0.27,0.03,0.02,1,19.97,38.85,0.0982701
209244,57,30,47,206,218,t1,-0.55,-4.33,6.99,3.58,-31.66,181.48,-0.50,-0.11,-0.11,0.96,-0.27,0.03,0.02,1,19.97,38.85,0.0982701
209264,44,37,32,212,223,t1,-0.54,-4.31,7.06,3.57,-31.64,181.48,0.83,-0.18,-0.39,0.96,-0.27,0.03,0.02,1,19.97,38.85,0.0982701
209286,36,34,32,213,214,t1,-0.36,-4.32,7.09,3.56,-31.66,181.48,-0.78,0.10,0.17,0.96,-0.27,0.03,0.02,1,19.97,38.85,0.0982701
209306,45,33,31,222,204,t1,-0.62,-4.16,6.93,3.55,-31.70,181.50,-2.46,-1.30,0.17,0.96,-0.27,0.03,0.02,1,19.97,38.85,0.0982701
209329,50,45,31,214,220,t1,-0.51,-4.28,7.25,3.54,-31.68,181.51,0.34,-0.60,0.38,0.96,-0.27,0.03,0.02,1,19.97,38.85,0.0982701
209348,63,37,40,213,223,t1,-0.53,-4.39,6.91,3.54,-31.69,181.51,-0.15,-0.32,0.10,0.96,-0.27,0.03,0.02,1,19.97,38.85,0.0982701
209371,41,52,52,217,215,t1,-0.48,-4.40,6.78,3.54,-31.72,181.50,-0.01,0.03,-0.25,0.96,-0.27,0.03,0.02,1,19.97,38.85,0.0982701
209397,59,36,49,224,220,t1,-0.48,-4.34,7.05,3.54,-31.70,181.50,1.04,0.10,-0.18,0.96,-0.27,0.03,0.02,1,19.97,38.85,0.0982701
209419,54,33,52,214,218,t1,-0.54,-4.32,7.08,3.54,-31.69,181.50,0.13,0.03,-0.04,0.96,-0.27,0.03,0.02,1,19.97,38.85,0.0982701
209439,46,52,54,215,217,t1,-0.51,-4.34,6.91,3.54,-31.70,181.50,-0.36,0.03,0.10,0.96,-0.27,0.03,0.02,1,19.97,38.85,0.0982701
209461,56,40,45,221,216,t1,-0.50,-4.31,6.93,3.54,-31.71,181.50,-0.29,0.10,-0.11,0.96,-0.27,0.03,0.02,1,19.97,38.85,0.0982701
209481,41,58,46,216,220,t1,-0.57,-4.30,7.15,3.55,-31.69,181.50,0.55,-0.04,0.03,0.96,-0.27,0.03,0.02,1,19.97,38.85,0.0982701
209504,37,22,69,208,206,t1,-0.54,-4.33,7.00,3.55,-31.69,181.50,-0.01,-0.04,0.03,0.96,-0.27,0.03,0.02,1,19.97,38.85,0.0982701
209523,30,26,47,198,221,t1,-0.50,-4.32,6.91,3.55,-31.70,181.50,-0.36,0.10,0.03,0.96,-0.27,0.03,0.02,1,19.97,38.85,0.0982701
209546,55,50,48,214,220,t1,-0.53,-4.29,7.03,3.55,-31.71,181.50,-0.57,-0.11,0.03,0.96,-0.27,0.03,0.02,1,19.97,38.85,0.0982701
209565,37,61,51,219,206,t1,-0.52,-4.34,7.06,3.55,-31.71,181.50,0.13,-0.18,-0.04,0.96,-0.27,0.03,0.02,1,19.97,38.85,0.0982701
209588,44,40,43,213,222,t1,-0.54,-4.29,6.96,3.55,-31.72,181.50,-0.08,0.03,-0.04,0.96,-0.27,0.03,0.02,1,19.97,38.85,0.0982701
209614,57,39,35,219,215,t1,-0.52,-4.31,7.06,3.55,-31.70,181.50,0.55,0.03,-0.11,0.96,-0.27,0.03,0.02,1,19.97,38.85,0.0982701
209636,52,43,41,217,218,t1,-0.52,-4.35,6.99,3.55,-31.70,181.49,0.06,0.03,-0.18,0.96,-0.27,0.03,0.02,1,19.97,38.85,0.0982701
209656,47,40,41,214,217,t1,-0.54,-4.31,7.04,3.55,-31.71,181.50,-0.29,0.03,0.10,0.96,-0.27,0.03,0.02,1,19.97,38.85,0.0982701
209679,57,37,29,229,227,t1,-0.50,-4.30,6.97,3.55,-31.71,181.49,-0.08,-0.11,-0.18,0.96,-0.27,0.03,0.02,1,19.98,38.82,0.0982803
209701,46,29,52,221,220,t1,-0.50,-4.35,6.99,3.54,-31.72,181.49,-0.29,-0.11,-0.11,0.96,-0.27,0.03,0.02,1,19.98,38.82,0.0982803
209724,39,45,55,210,223,t1,-0.53,-4.32,7.07,3.55,-31.72,181.49,-0.15,-0.04,0.03,0.96,-0.27,0.03,0.02,1,19.98,38.82,0.0982803
209743,60,45,34,224,200,t1,-0.53,-4.31,7.01,3.55,-31.71,181.49,0.20,0.03,0.03,0.96,-0.27,0.03,0.02,1,19.98,38.82,0.0982803
209765,56,43,32,218,219,t1,-0.49,-4.33,6.96,3.55,-31.72,181.49,-0.22,0.03,-0.04,0.96,-0.27,0.03,0.02,1,19.98,38.82,0.0982803
209785,35,62,62,217,220,t1,-0.52,-4.32,7.04,3.55,-31.71,181.49,0.13,-0.04,-0.04,0.96,-0.27,0.03,0.02,1,19.98,38.82,0.0982803
209808,40,33,49,218,219,t1,-0.52,-4.33,6.98,3.55,-31.71,181.49,0.20,0.24,-0.18,0.96,-0.27,0.03,0.02,1,19.98,38.82,0.0982803
209834,43,36,44,222,222,t1,-0.54,-4.31,6.97,3.55,-31.70,181.48,0.20,0.03,-0.11,0.96,-0.27,0.03,0.02,1,19.98,38.82,0.0982803
209856,56,23,43,216,220,t1,-0.52,-4.30,7.03,3.55,-31.70,181.48,0.20,-0.11,-0.11,0.96,-0.27,0.03,0.02,1,19.98,38.82,0.0982803
209876,60,46,56,226,224,t1,-0.52,-4.34,7.03,3.55,-31.70,181.48,-0.15,-0.11,-0.04,0.96,-0.27,0.03,0.02,1,19.98,38.82,0.0982803
209899,48,39,32,219,218,t1,-0.52,-4.31,7.00,3.55,-31.70,181.49,-0.29,-0.04,0.10,0.96,-0.27,0.03,0.02,1,19.98,38.82,0.0982803
209918,37,38,53,223,227,t1,-0.53,-4.30,6.96,3.55,-31.71,181.49,-0.57,-0.04,0.10,0.96,-0.27,0.03,0.02,1,19.98,38.82,0.0982803
209941,34,30,53,218,215,t1,-0.52,-4.33,6.94,3.55,-31.72,181.49,-0.29,-0.04,-0.04,0.96,-0.27,0.03,0.02,1,19.98,38.82,0.0982803
209960,52,29,66,219,221,t1,-0.53,-4.32,7.05,3.55,-31.71,181.49,0.41,-0.11,-0.11,0.96,-0.27,0.03,0.02,1,19.98,38.82,0.0982803
209983,39,32,48,227,228,t1,-0.53,-4.32,7.01,3.55,-31.70,181.49,0.55,0.10,-0.04,0.96,-0.27,0.03,0.02,1,19.98,38.82,0.0982803
210002,55,39,53,220,221,t1,-0.53,-4.31,6.97,3.56,-31.71,181.49,-0.29,0.17,0.10,0.96,-0.27,0.03,0.02,1,19.98,38.82,0.0982803
210025,44,57,42,233,224,t1,-0.51,-4.34,6.96,3.56,-31.71,181.49,-0.22,-0.04,0.03,0.96,-0.27,0.03,0.02,1,19.98,38.82,0.0982803
210052,41,42,35,216,224,t1,-0.52,-4.32,7.01,3.56,-31.71,181.48,0.27,0.10,-0.18,0.96,-0.27,0.03,0.02,1,19.98,38.82,0.0982803
210074,54,35,34,222,229,t1,-0.52,-4.33,7.01,3.56,-31.71,181.48,0.06,0.03,-0.04,0.96,-0.27,0.03,0.02,1,19.98,38.82,0.0982803
210093,49,30,35,236,220,t1,-0.54,-4.31,6.99,3.56,-31.70,181.48,0.13,0.10,-0.11,0.96,-0.27,0.03,0.02,1,19.98,38.82,0.0982803
210116,50,60,34,230,221,t1,-0.51,-4.32,7.02,3.56,-31.70,181.48,-0.01,-0.04,0.03,0.96,-0.27,0.03,0.02,1,19.98,38.82,0.0982803
210137,45,26,36,219,215,t1,-0.53,-4.34,7.00,3.56,-31.71,181.48,-0.15,0.03,0.03,0.96,-0.27,0.03,0.02,1,19.98,38.84,0.0982762
210160,46,44,47,216,224,t1,-0.53,-4.31,6.99,3.56,-31.71,181.48,0.06,0.03,-0.04,0.96,-0.27,0.03,0.02,1,19.98,38.84,0.0982762
210180,45,45,34,221,216,t1,-0.51,-4.32,6.99,3.56,-31.70,181.48,0.20,0.03,-0.04,0.96,-0.27,0.03,0.02,1,19.98,38.84,0.0982762
210202,42,50,42,222,220,t1,-0.52,-4.33,6.99,3.56,-31.70,181.48,0.13,-0.18,-0.11,0.96,-0.27,0.03,0.02,1,19.98,38.84,0.0982762
210222,34,27,33,224,221,t1,-0.53,-4.33,7.04,3.56,-31.70,181.48,-0.01,-0.04,0.03,0.96,-0.27,0.03,0.02,1,19.98,38.84,0.0982762
210245,41,26,31,218,220,t1,-0.52,-4.31,6.99,3.56,-31.70,181.48,0.13,0.10,0.10,0.96,-0.27,0.03,0.02,1,19.98,38.84,0.0982762
210270,37,49,44,223,215,t1,-0.53,-4.32,7.00,3.57,-31.69,181.48,0.13,0.03,0.03,0.96,-0.27,0.03,0.02,1,19.98,38.84,0.0982762
210293,37,29,40,232,224,t1,-0.53,-4.33,7.05,3.57,-31.69,181.48,-0.15,-0.11,-0.04,0.96,-0.27,0.03,0.02,1,19.98,38.84,0.0982762
210313,60,41,30,214,217,t1,-0.53,-4.32,7.03,3.56,-31.70,181.48,-0.36,-0.18,-0.04,0.96,-0.27,0.03,0.02,1,19.98,38.84,0.0982762
210336,58,35,48,214,228,t1,-0.51,-4.31,6.95,3.56,-31.71,181.48,-0.57,-0.18,-0.11,0.96,-0.27,0.03,0.02,1,19.98,38.84,0.0982762
210355,41,37,32,224,214,t1,-0.53,-4.32,6.99,3.56,-31.72,181.49,-0.15,-0.11,-0.04,0.96,-0.27,0.03,0.02,1,19.98,38.84,0.0982762
210378,57,42,46,205,218,t1,-0.52,-4.33,7.01,3.56,-31.72,181.49,-0.08,-0.04,0.10,0.96,-0.27,0.03,0.02,1,19.98,38.84,0.0982762
210397,42,34,57,222,213,t1,-0.54,-4.32,7.02,3.56,-31.72,181.49,-0.22,-0.04,0.03,0.96,-0.27,0.03,0.02,1,19.98,38.84,0.0982762
210419,42,29,37,222,218,t1,-0.53,-4.31,7.00,3.56,-31.72,181.49,-0.22,-0.04,0.10,0.96,-0.27,0.03,0.02,1,19.98,38.84,0.0982762
210439,48,41,44,209,218,t1,-0.51,-4.41,6.91,3.56,-31.71,181.49,0.83,0.10,-0.11,0.96,-0.27,0.03,0.02,1,19.98,38.84,0.0982762
210462,58,42,36,221,214,t1,-0.53,-4.31,7.07,3.57,-31.73,181.47,0.06,-0.11,-0.11,0.96,-0.27,0.03,0.02,1,19.98,38.84,0.0982762
210488,45,50,48,218,220,t1,-0.51,-4.33,6.97,3.57,-31.74,181.47,-0.22,0.03,-0.04,0.96,-0.27,0.03,0.02,1,19.98,38.84,0.0982762
210511,41,39,52,227,215,t1,-0.52,-4.28,7.08,3.56,-31.75,181.48,-0.92,-0.39,0.31,0.96,-0.27,0.03,0.02,1,19.98,38.84,0.0982762
210530,65,40,36,224,233,t1,-0.54,-4.34,6.97,3.57,-31.76,181.48,-0.36,-0.04,-0.04,0.96,-0.27,0.03,0.02,1,19.98,38.84,0.0982762
210553,56,54,20,206,215,t1,-0.54,-4.33,6.95,3.56,-31.75,181.48,0.55,0.03,-0.39,0.96,-0.27,0.03,0.02,1,19.98,38.84,0.0982762
210572,52,31,36,225,223,t1,-0.47,-4.31,7.07,3.56,-31.72,181.47,1.25,0.03,-0.46,0.96,-0.27,0.03,0.02,1,19.98,38.84,0.0982762
210595,49,34,42,209,217,t1,-0.54,-4.31,7.03,3.56,-31.72,181.47,0.20,0.03,-0.11,0.96,-0.27,0.03,0.02,1,19.99,38.83,0.0982742
210616,48,38,52,218,229,t1,-0.49,-4.32,7.05,3.55,-31.72,181.47,-0.22,-0.11,0.10,0.96,-0.27,0.03,0.02,1,19.99,38.83,0.0982742
210639,45,44,59,220,220,t1,-0.55,-4.31,6.98,3.56,-31.72,181.47,-0.29,-0.04,0.10,0.96,-0.27,0.03,0.02,1,19.99,38.83,0.0982742
210659,36,46,25,221,222,t1,-0.54,-4.31,6.92,3.56,-31.72,181.47,0.20,0.10,-0.11,0.96,-0.27,0.03,0.02,1,19.99,38.83,0.0982742
210681,39,30,54,216,213,t1,-0.51,-4.33,7.03,3.56,-31.72,181.47,-0.22,-0.11,0.03,0.96,-0.27,0.03,0.02,1,19.99,38.83,0.0982742
210707,55,46,64,210,221,t1,-0.52,-4.30,7.03,3.55,-31.73,181.48,-0.50,-0.18,0.10,0.96,-0.27,0.03,0.02,1,19.99,38.83,0.0982742
210730,39,58,52,219,232,t1,-0.52,-4.32,6.98,3.55,-31.72,181.47,0.13,-0.11,-0.25,0.96,-0.27,0.03,0.02,1,19.99,38.83,0.0982742
210750,46,39,60,213,216,t1,-0.55,-4.29,6.99,3.55,-31.72,181.47,0.20,0.03,0.03,0.96,-0.27,0.03,0.02,1,19.99,38.83,0.0982742
210772,52,45,40,216,218,t1,-0.53,-4.32,7.03,3.56,-31.71,181.47,0.41,0.10,-0.04,0.96,-0.27,0.03,0.02,1,19.99,38.83,0.0982742
210792,43,38,45,229,217,t1,-0.52,-4.32,7.00,3.56,-31.70,181.47,0.20,0.03,0.03,0.96,-0.27,0.03,0.02,1,19.99,38.83,0.0982742
210814,49,36,50,217,218,