2140209.0,42.502075000000005,nan,-71.88523833333333,nan,-2.0,0.0,4230.1245,7153.1143,1.0,1.0
2141290.0,42.502075000000005,nan,-71.88523833333333,nan,-2.0,0.0,4230.1245,7153.1143,0.0,0.0
2142366.0,42.502075000000005,nan,-71.88523833333333,nan,-2.0,0.0,4230.1245,7153.1143,0.0,0.0
2143441.0,42.502075000000005,nan,-71.88523833333333,nan,-2.0,0.0,4230.1245,7153.1143,0.0,0.0
2144316.0,42.502075000000005,nan,-71.88523833333333,nan,-2.0,0.0,4230.1245,7153.1143,0.0,0.0
2145191.0,42.502075000000005,nan,-71.88523833333333,nan,-2.0,0.0,4230.1245,7153.1143,0.0,0.0
2146065.0,42.502075000000005,nan,-71.88523833333333,nan,-2.0,0.0,4230.1245,7153.1143,0.0,0.0
2146940.0,42.502075000000005,nan,-71.88523833333333,nan,-2.0,0.0,4230.1245,7153.1143,0.0,0.0
2147814.0,42.502075000000005,nan,-71.88523833333333,nan,-2.0,0.0,4230.1245,7153.1143,0.0,0.0
2148688.0,42.502075000000005,nan,-71.88523833333333,nan,-2.0,0.0,4230.1245,7153.1143,0.0,0.0
2149563.0,42.502075000000005,nan,-71.88523833333333,nan,-2.0,0.0,4230.1245,7153.1143,0.0,0.0
2150438.0,42.502075000000005,nan,-71.88523833333333,nan,-2.0,0.0,4230.1245,7153.1143,0.0,0.0
2151313.0,42.502075000000005,nan,-71.88523833333333,nan,-2.0,0.0,4230.1245,7153.1143,0.0,0.0
2152187.0,42.502075000000005,nan,-71.88523833333333,nan,-2.0,0.0,4230.1245,7153.1143,0.0,0.0
2153065.0,42.502075000000005,nan,-71.88523833333333,nan,-2.0,0.0,4230.1245,7153.1143,0.0,0.0
2153939.0,42.502075000000005,nan,-71.88523833333333,nan,-2.0,0.0,4230.1245,7153.1143,0.0,0.0
2154814.0,42.502075000000005,nan,-71.88523833333333,nan,-2.0,0.0,4230.1245,7153.1143,0.0,0.0
2155688.0,42.502075000000005,nan,-71.88523833333333,nan,-2.0,0.0,4230.1245,7153.1143,0.0,0.0
2156563.0,42.502075000000005,nan,-71.88523833333333,nan,-2.0,0.0,4230.1245,7153.1143,0.0,0.0
2157438.0,42.502075000000005,nan,-71.88523833333333,nan,-2.0,0.0,4230.1245,7153.1143,0.0,0.0
2158313.0,42.502075000000005,nan,-71.88523833333333,nan,-2.0,0.0,4230.1245,7153.1143,0.0,0.0
2159188.0,42.502075000000005,nan,-71.88523833333333,nan,-2.0,0.0,4230.1245,7153.1143,0.0,0.0
2160062.0,42.502075000000005,nan,-71.88523833333333,nan,-2.0,0.0,4230.1245,7153.1143,0.0,0.0
2160937.0,42.502075000000005,nan,-71.88523833333333,nan,-2.0,0.0,4230.1245,7153.1143,0.0,0.0
2161811.0,42.502075000000005,nan,-71.88523833333333,nan,-2.0,0.0,4230.1245,7153.1143,0.0,0.0
2162686.0,42.502075000000005,nan,-71.88523833333333,nan,-2.0,0.0,4230.1245,7153.1143,0.0,0.0
2163560.0,42.502075000000005,nan,-71.88523833333333,nan,-2.0,0.0,4230.1245,7153.1143,0.0,0.0
2164438.0,42.502075000000005,nan,-71.88523833333333,nan,-2.0,0.0,4230.1245,7153.1143,0.0,0.0
2165313.0,42.502075000000005,nan,-71.88523833333333,nan,-2.0,0.0,4230.1245,7153.1143,0.0,0.0
2166188.0,42.502075000000005,nan,-71.88523833333333,nan,-2.0,0.0,4230.1245,7153.1143,0.0,0.0
2167063.0,42.502075000000005,nan,-71.88523833333333,nan,-2.0,0.0,4230.1245,7153.1143,0.0,0.0
2167937.0,42.502075000000005,nan,-71.88523833333333,nan,-2.0,0.0,4230.1245,7153.1143,0.0,0.0
2168812.0,42.502075000000005,nan,-71.88523833333333,nan,-2.0,0.0,4230.1245,7153.1143,0.0,0.0
2169687.0,42.502075000000005,nan,-71.88523833333333,nan,-2.0,0.0,4230.1245,7153.1143,0.0,0.0
2170561.0,42.502075000000005,nan,-71.88523833333333,nan,-2.0,0.0,4230.1245,7153.1143,0.0,0.0
2171436.0,42.502075000000005,nan,-71.88523833333333,nan,-2.0,0.0,4230.1245,7153.1143,0.0,0.0
2172311.0,42.502075000000005,nan,-71.88523833333333,nan,-2.0,0.0,4230.1245,7153.1143,0.0,0.0
2173186.0,42.502075000000005,nan,-71.88523833333333,nan,-2.0,0.0,4230.1245,7153.1143,0.0,0.0
2174061.0,42.502075000000005,nan,-71.88523833333333,nan,-2.0,0.0,4230.1245,7153.1143,0.0,0.0
2174935.0,42.502075000000005,nan,-71.88523833333333,nan,-2.0,0.0,4230.1245,7153.1143,0.0,0.0
2175810.0,42.502075000000005,nan,-71.88523833333333,nan,-2.0,0.0,4230.1245,7153.1143,0.0,0.0
2176687.0,42.502075000000005,nan,-71.88523833333333,nan,-2.0,0.0,4230.1245,7153.1143,0.0,0.0
2177561.0,42.502075000000005,nan,-71.88523833333333,nan,-2.0,0.0,4230.1245,7153.1143,0.0,0.0
2178436.0,42.502075000000005,nan,-71.88523833333333,nan,-2.0,0.0,4230.1245,7153.1143,0.0,0.0
2179311.0,42.502075000000005,nan,-71.88523833333333,nan,-2.0,0.0,4230.1245,7153.1143,0.0,0.0
2180186.0,42.502075000000005,nan,-71.88523833333333,nan,-2.0,0.0,4230.1245,7153.1143,0.0,0.0
2181061.0,42.502075000000005,nan,-71.88523833333333,nan,-2.0,0.0,4230.1245,7153.1143,0.0,0.0
2181935.0,42.502075000000005,nan,-71.88523833333333,nan,-2.0,0.0,4230.1245,7153.1143,0.0,0.0
2182810.0,42.502075000000005,nan,-71.88523833333333,nan,-2.0,0.0,4230.1245,7153.1143,0.0,0.0
2183684.0,42.502075000000005,nan,-71.88523833333333,nan,-2.0,0.0,4230.1245,7153.1143,0.0,0.0
2184558.0,42.502075000000005,nan,-71.88523833333333,nan,-2.0,0.0,4230.1245,7153.1143,0.0,0.0
2185433.0,42.502075000000005,nan,-71.88523833333333,nan,-2.0,0.0,4230.1245,7153.1143,0.0,0.0
2186308.0,42.502075000000005,nan,-71.88523833333333,nan,-2.0,0.0,4230.1245,7153.1143,0.0,0.0
2187183.0,42.502075000000005,nan,-71.88523833333333,nan,-2.0,0.0,4230.1245,7153.1143,0.0,0.0
2188061.0,42.502075000000005,nan,-71.88523833333333,nan,-2.0,0.0,4230.1245,7153.1143,0.0,0.0
2188935.0,42.502075000000005,nan,-71.88523833333333,nan,-2.0,0.0,4230.1245,7153.1143,0.0,0.0
2189810.0,42.502075000000005,nan,-71.88523833333333,nan,-2.0,0.0,4230.1245,7153.1143,0.0,0.0
2190684.0,42.502075000000005,nan,-71.88523833333333,nan,-2.0,0.0,4230.1245,7153.1143,0.0,0.0
2191558.0,42.502075000000005,nan,-71.88523833333333,nan,-2.0,0.0,4230.1245,7153.1143,0.0,0.0
2192433.0,42.502075000000005,nan,-71.88523833333333,nan,-2.0,0.0,4230.1245,7153.1143,0.0,0.0
2193308.0,42.502075000000005,nan,-71.88523833333333,nan,-2.0,0.0,4230.1245,7153.1143,0.0,0.0
2194183.0,42.502075000000005,nan,-71.88523833333333,nan,-2.0,0.0,4230.1245,7153.1143,0.0,0.0
2195058.0,42.502075000000005,nan,-71.88523833333333,nan,-2.0,0.0,4230.1245,7153.1143,0.0,0.0
2195933.0,42.502075000000005,nan,-71.88523833333333,nan,-2.0,0.0,4230.1245,7153.1143,0.0,0.0
2196807.0,42.502075000000005,nan,-71.88523833333333,nan,-2.0,0.0,4230.1245,7153.1143,0.0,0.0
2197682.0,42.502075000000005,nan,-71.88523833333333,nan,-2.0,0.0,4230.1245,7153.1143,0.0,0.0
2198556.0,42.502075000000005,nan,-71.88523833333333,nan,-2.0,0.0,4230.1245,7153.1143,0.0,0.0
2199431.0,42.502075000000005,nan,-71.88523833333333,nan,-2.0,0.0,4230.1245,7153.1143,0.0,0.0
2200309.0,42.502075000000005,nan,-71.88523833333333,nan,-2.0,0.0,4230.1245,7153.1143,0.0,0.0
2201184.0,42.502075000000005,nan,-71.88523833333333,nan,-2.0,0.0,4230.1245,7153.1143,0.0,0.0
2202059.0,42.502075000000005,nan,-71.88523833333333,nan,-2.0,0.0,4230.1245,7153.1143,0.0,0.0
2202933.0,42.502075000000005,nan,-71.88523833333333,nan,-2.0,0.0,4230.1245,7153.1143,0.0,0.0
2203807.0,42.502075000000005,nan,-71.88523833333333,nan,-2.0,0.0,4230.1245,7153.1143,0.0,0.0
2204682.0,42.502075000000005,nan,-71.88523833333333,nan,-2.0,0.0,4230.1245,7153.1143,0.0,0.0
2205556.0,42.502075000000005,nan,-71.88523833333333,nan,-2.0,0.0,4230.1245,7153.1143,0.0,0.0
2206431.0,42.502075000000005,nan,-71.88523833333333,nan,-2.0,0.0,4230.1245,7153.1143,0.0,0.0
2207306.0,42.502075000000005,nan,-71.88523833333333,nan,-2.0,0.0,4230.1245,7153.1143,0.0,0.0
2208181.0,42.502075000000005,nan,-71.88523833333333,nan,-2.0,0.0,4230.1245,7153.1143,0.0,0.0
2209056.0,42.502075000000005,nan,-71.88523833333333,nan,-2.0,0.0,4230.1245,7153.1143,0.0,0.0
2209930.0,42.502075000000005,nan,-71.88523833333333,nan,-2.0,0.0,4230.1245,7153.1143,0.0,0.0
2210805.0,42.502075000000005,nan,-71.88523833333333,nan,-2.0,0.0,4230.1245,7153.1143,0.0,0.0
2211682.0,42.502075000000005,nan,-71.88523833333333,nan,-2.0,0.0,4230.1245,7153.1143,0.0,0.0
2212556.0,42.502075000000005,nan,-71.88523833333333,nan,-2.0,0.0,4230.1245,7153.1143,0.0,0.0
2213431.0,42.502075000000005,nan,-71.88523833333333,nan,-2.0,0.0,4230.1245,7153.1143,0.0,0.0
2214306.0,42.502075000000005,nan,-71.88523833333333,nan,-2.0,0.0,4230.1245,7153.1143,0.0,0.0
2215182.0,42.502075000000005,nan,-71.88523833333333,nan,-2.0,0.0,4230.1245,7153.1143,0.0,0.0
2216056.0,42.502075000000005,nan,-71.88523833333333,nan,-2.0,0.0,4230.1245,7153.1143,0.0,0.0
2216931.0,42.502075000000005,nan,-71.88523833333333,nan,-2.0,0.0,4230.1245,7153.1143,0.0,0.0
2217805.0,42.502075000000005,nan,-71.88523833333333,nan,-2.0,0.0,4230.1245,7153.1143,0.0,0.0
2218680.0,42.502075000000005,nan,-71.88523833333333,nan,-2.0,0.0,4230.1245,7153.1143,0.0,0.0
2219555.0,42.502075000000005,nan,-71.88523833333333,nan,-2.0,0.0,4230.1245,7153.1143,0.0,0.0
2220430.0,42.502075000000005,nan,-71.88523833333333,nan,-2.0,0.0,4230.1245,7153.1143,0.0,0.0
2221305.0,42.502075000000005,nan,-71.88523833333333,nan,-2.0,0.0,4230.1245,7153.1143,0.0,0.0
2222181.0,42.502075000000005,nan,-71.88523833333333,nan,-2.0,0.0,4230.1245,7153.1143,0.0,0.0
2223055.0,42.502075000000005,nan,-71.88523833333333,nan,-2.0,0.0,4230.1245,7153.1143,0.0,0.0
2223932.0,42.502075000000005,nan,-71.88523833333333,nan,-2.0,0.0,4230.1245,7153.1143,0.0,0.0
2224807.0,42.502075000000005,nan,-71.88523833333333,nan,-2.0,0.0,4230.1245,7153.1143,0.0,0.0
2225681.0,42.502075000000005,nan,-71.88523833333333,nan,-2.0,0.0,4230.1245,7153.1143,0.0,0.0
2226556.0,42.502075000000005,nan,-71.88523833333333,nan,-2.0,0.0,4230.1245,7153.1143,0.0,0.0
2227431.0,42.502075000000005,nan,-71.88523833333333,nan,-2.0,0.0,4230.1245,7153.1143,0.0,0.0
2228305.0,42.502075000000005,nan,-71.88523833333333,nan,-2.0,0.0,4230.1245,7153.1143,0.0,0.0
2229181.0,42.502075000000005,nan,-71.88523833333333,nan,-2.0,0.0,4230.1245,7153.1143,0.0,0.0
2230055.0,42.502075000000005,nan,-71.88523833333333,nan,-2.0,0.0,4230.1245,7153.1143,0.0,0.0
2230929.0,42.502075000000005,nan,-71.88523833333333,nan,-2.0,0.0,4230.1245,7153.1143,0.0,0.0
2231804.0,42.502075000000005,nan,-71.88523833333333,nan,-2.0,0.0,4230.1245,7153.1143,0.0,0.0
2232678.0,42.502075000000005,nan,-71.88523833333333,nan,-2.0,0.0,4230.1245,7153.1143,0.0,0.0
2233553.0,42.502075000000005,nan,-71.88523833333333,nan,-2.0,0.0,4230.1245,7153.1143,0.0,0.0
2234428.0,42.502075000000005,nan,-71.88523833333333,nan,-2.0,0.0,4230.1245,7153.1143,0.0,0.0
2235305.0,42.502075000000005,nan,-71.88523833333333,nan,-2.0,0.0,4230.1245,7153.1143,0.0,0.0
2236180.0,42.502075000000005,nan,-71.88523833333333,nan,-2.0,0.0,4230.1245,7153.1143,0.0,0.0
2237055.0,42.502075000000005,nan,-71.88523833333333,nan,-2.0,0.0,4230.1245,7153.1143,0.0,0.0
2237929.0,42.502075000000005,nan,-71.88523833333333,nan,-2.0,0.0,4230.1245,7153.1143,0.0,0.0
2238804.0,42.502075000000005,nan,-71.88523833333333,nan,-2.0,0.0,4230.1245,7153.1143,0.0,0.0
2239678.0,42.502075000000005,nan,-71.88523833333333,nan,-2.0,0.0,4230.1245,7153.1143,0.0,0.0
2240553.0,42.502075000000005,nan,-71.88523833333333,nan,-2.0,0.0,4230.1245,7153.1143,0.0,0.0
2241428.0,42.502075000000005,nan,-71.88523833333333,nan,-2.0,0.0,4230.1245,7153.1143,0.0,0.0
2242303.0,42.502075000000005,nan,-71.88523833333333,nan,-2.0,0.0,4230.1245,7153.1143,0.0,0.0
2243178.0,42.502075000000005,nan,-71.88523833333333,nan,-2.0,0.0,4230.1245,7153.1143,0.0,0.0
2244053.0,42.502075000000005,nan,-71.88523833333333,nan,-2.0,0.0,4230.1245,7153.1143,0.0,0.0
2244927.0,42.502075000000005,nan,-71.88523833333333,nan,-2.0,0.0,4230.1245,7153.1143,0.0,0.0
2245802.0,42.502075000000005,nan,-71.88523833333333,nan,-2.0,0.0,4230.1245,7153.1143,0.0,0.0
2246676.0,42.502075000000005,nan,-71.88523833333333,nan,-2.0,0.0,4230.1245,7153.1143,0.0,0.0
2247554.0,42.502075000000005,nan,-71.88523833333333,nan,-2.0,0.0,4230.1245,7153.1143,0.0,0.0
2248429.0,42.502075000000005,nan,-71.88523833333333,nan,-2.0,0.0,4230.1245,7153.1143,0.0,0.0
2249304.0,42.502075000000005,nan,-71.88523833333333,nan,-2.0,0.0,4230.1245,7153.1143,0.0,0.0
2250179.0,42.502075000000005,nan,-71.88523833333333,nan,-2.0,0.0,4230.1245,7153.1143,0.0,0.0
2251054.0,42.502075000000005,nan,-71.88523833333333,nan,-2.0,0.0,4230.1245,7153.1143,0.0,0.0
2251929.0,42.502075000000005,nan,-71.88523833333333,nan,-2.0,0.0,4230.1245,7153.1143,0.0,0.0
2252803.0,42.502075000000005,nan,-71.88523833333333,nan,-2.0,0.0,4230.1245,7153.1143,0.0,0.0
2253678.0,42.502075000000005,nan,-71.88523833333333,nan,-2.0,0.0,4230.1245,7153.1143,0.0,0.0
2254552.0,42.502075000000005,nan,-71.88523833333333,nan,-2.0,0.0,4230.1245,7153.1143,0.0,0.0
2255427.0,42.502075000000005,nan,-71.88523833333333,nan,-2.0,0.0,4230.1245,7153.1143,0.0,0.0
2256303.0,42.502075000000005,nan,-71.88523833333333,nan,-2.0,0.0,4230.1245,7153.1143,0.0,0.0
2257178.0,42.502075000000005,nan,-71.88523833333333,nan,-2.0,0.0,4230.1245,7153.1143,0.0,0.0
2258052.0,42.502075000000005,nan,-71.88523833333333,nan,-2.0,0.0,4230.1245,7153.1143,0.0,0.0
2258930.0,42.502075000000005,nan,-71.88523833333333,nan,-2.0,0.0,4230.1245,7153.1143,0.0,0.0
2259805.0,42.502075000000005,nan,-71.88523833333333,nan,-2.0,0.0,4230.1245,7153.1143,0.0,0.0
2260679.0,42.502075000000005,nan,-71.88523833333333,nan,-2.0,0.0,4230.1245,7153.1143,0.0,0.0
2261554.0,42.502075000000005,nan,-71.88523833333333,nan,-2.0,0.0,4230.1245,7153.1143,0.0,0.0
2262429.0,42.502075000000005,nan,-71.88523833333333,nan,-2.0,0.0,4230.1245,7153.1143,0.0,0.0
2263304.0,42.502075000000005,nan,-71.88523833333333,nan,-2.0,0.0,4230.1245,7153.1143,0.0,0.0
2264180.0,42.502075000000005,nan,-71.88523833333333,nan,-2.0,0.0,4230.1245,7153.1143,0.0,0.0
2265054.0,42.502075000000005,nan,-71.88523833333333,nan,-2.0,0.0,4230.1245,7153.1143,0.0,0.0
2265929.0,42.502075000000005,nan,-71.88523833333333,nan,-2.0,0.0,4230.1245,7153.1143,0.0,0.0
2266803.0,42.502075000000005,nan,-71.88523833333333,nan,-2.0,0.0,4230.1245,7153.1143,0.0,0.0
2267678.0,42.502075000000005,nan,-71.88523833333333,nan,-2.0,0.0,4230.1245,7153.1143,0.0,0.0
2268552.0,42.502075000000005,nan,-71.88523833333333,nan,-2.0,0.0,4230.1245,7153.1143,0.0,0.0
2269428.0,42.502075000000005,nan,-71.88523833333333,nan,-2.0,0.0,4230.1245,7153.1143,0.0,0.0
2270303.0,42.502075000000005,nan,-71.88523833333333,nan,-2.0,0.0,4230.1245,7153.1143,0.0,0.0
2271181.0,42.502075000000005,nan,-71.88523833333333,nan,-2.0,0.0,4230.1245,7153.1143,0.0,0.0
2272056.0,42.502075000000005,nan,-71.88523833333333,nan,-2.0,0.0,4230.1245,7153.1143,0.0,0.0
2272930.0,42.502075000000005,nan,-71.88523833333333,nan,-2.0,0.0,4230.1245,7153.1143,0.0,0.0
2273806.0,42.502075000000005,nan,-71.88523833333333,nan,-2.0,0.0,4230.1245,7153.1143,0.0,0.0
2274680.0,42.502075000000005,nan,-71.88523833333333,nan,-2.0,0.0,4230.1245,7153.1143,0.0,0.0
2275555.0,42.502075000000005,nan,-71.88523833333333,nan,-2.0,0.0,4230.1245,7153.1143,0.0,0.0
2276430.0,42.502075000000005,nan,-71.88523833333333,nan,-2.0,0.0,4230.1245,7153.1143,0.0,0.0
2277305.0,42.502075000000005,nan,-71.88523833333333,nan,-2.0,0.0,4230.1245,7153.1143,0.0,0.0
2278180.0,42.502075000000005,nan,-71.88523833333333,nan,-2.0,0.0,4230.1245,7153.1143,0.0,0.0
2279055.0,42.502075000000005,nan,-71.88523833333333,nan,-2.0,0.0,4230.1245,7153.1143,0.0,0.0
2279929.0,42.502075000000005,nan,-71.88523833333333,nan,-2.0,0.0,4230.1245,7153.1143,0.0,0.0
2280804.0,42.502075000000005,nan,-71.88523833333333,nan,-2.0,0.0,4230.1245,7153.1143,0.0,0.0
2281678.0,42.502075000000005,nan,-71.88523833333333,nan,-2.0,0.0,4230.1245,7153.1143,0.0,0.0
2282556.0,42.502075000000005,nan,-71.88523833333333,nan,-2.0,0.0,4230.1245,7153.1143,0.0,0.0
2283431.0,42.502075000000005,nan,-71.88523833333333,nan,-2.0,0.0,4230.1245,7153.1143,0.0,0.0
2284306.0,42.502075000000005,nan,-71.88523833333333,nan,-2.0,0.0,4230.1245,7153.1143,0.0,0.0
2285181.0,42.502075000000005,nan,-71.88523833333333,nan,-2.0,0.0,4230.1245,7153.1143,0.0,0.0
2286056.0,42.502075000000005,nan,-71.88523833333333,nan,-2.0,0.0,4230.1245,7153.1143,0.0,0.0
2286931.0,42.502075000000005,nan,-71.88523833333333,nan,-2.0,0.0,4230.1245,7153.1143,0.0,0.0
2287805.0,42.502075000000005,nan,-71.88523833333333,nan,-2.0,0.0,4230.1245,7153.1143,0.0,0.0
2288680.0,42.502075000000005,nan,-71.88523833333333,nan,-2.0,0.0,4230.1245,7153.1143,0.0,0.0
2289555.0,42.502075000000005,nan,-71.88523833333333,nan,-2.0,0.0,4230.1245,7153.1143,0.0,0.0
2290430.0,42.502075000000005,nan,-71.88523833333333,nan,-2.0,0.0,4230.1245,7153.1143,0.0,0.0
2291305.0,42.502075000000005,nan,-71.88523833333333,nan,-2.0,0.0,4230.1245,7153.1143,0.0,0.0
2292180.0,42.502075000000005,nan,-71.88523833333333,nan,-2.0,0.0,4230.1245,7153.1143,0.0,0.0
2293055.0,42.502075000000005,nan,-71.88523833333333,nan,-2.0,0.0,4230.1245,7153.1143,0.0,0.0
2293930.0,42.502075000000005,nan,-71.88523833333333,nan,-2.0,0.0,4230.1245,7153.1143,0.0,0.0
2294807.0,42.502075000000005,nan,-71.88523833333333,nan,-2.0,0.0,4230.1245,7153.1143,0.0,0.0
2295682.0,42.502075000000005,nan,-71.88523833333333,nan,-2.0,0.0,4230.1245,7153.1143,0.0,0.0
2296556.0,42.502075000000005,nan,-71.88523833333333,nan,-2.0,0.0,4230.1245,7153.1143,0.0,0.0
2297432.0,42.502075000000005,nan,-71.88523833333333,nan,-2.0,0.0,4230.1245,7153.1143,0.0,0.0
2298307.0,42.502075000000005,nan,-71.88523833333333,nan,-2.0,0.0,4230.1245,7153.1143,0.0,0.0
2299182.0,42.502075000000005,nan,-71.88523833333333,nan,-2.0,0.0,4230.1245,7153.1143,0.0,0.0
2300057.0,42.502075000000005,nan,-71.88523833333333,nan,-2.0,0.0,4230.1245,7153.1143,0.0,0.0
2300932.0,42.502075000000005,nan,-71.88523833333333,nan,-2.0,0.0,4230.1245,7153.1143,0.0,0.0
2301806.0,42.502075000000005,nan,-71.88523833333333,nan,-2.0,0.0,4230.1245,7153.1143,0.0,0.0
2302681.0,42.502075000000005,nan,-71.88523833333333,nan,-2.0,0.0,4230.1245,7153.1143,0.0,0.0
2303556.0,42.502075000000005,nan,-71.88523833333333,nan,-2.0,0.0,4230.1245,7153.1143,0.0,0.0
2304431.0,42.502075000000005,nan,-71.88523833333333,nan,-2.0,0.0,4230.1245,7153.1143,0.0,0.0
2305306.0,42.502075000000005,nan,-71.88523833333333,nan,-2.0,0.0,4230.1245,7153.1143,0.0,0.0
2306184.0,42.502075000000005,nan,-71.88523833333333,nan,-2.0,0.0,4230.1245,7153.1143,0.0,0.0
2307059.0,42.502075000000005,nan,-71.88523833333333,nan,-2.0,0.0,4230.1245,7153.1143,0.0,0.0
2307934.0,42.502075000000005,nan,-71.88523833333333,nan,-2.0,0.0,4230.1245,7153.1143,0.0,0.0
2308808.0,42.502075000000005,nan,-71.88523833333333,nan,-2.0,0.0,4230.1245,7153.1143,0.0,0.0
2309683.0,42.502075000000005,nan,-71.88523833333333,nan,-2.0,0.0,4230.1245,7153.1143,0.0,0.0
2310557.0,42.502075000000005,nan,-71.88523833333333,nan,-2.0,0.0,4230.1245,7153.1143,0.0,0.0
2311433.0,42.502075000000005,nan,-71.88523833333333,nan,-2.0,0.0,4230.1245,7153.1143,0.0,0.0
2312308.0,42.502075000000005,nan,-71.88523833333333,nan,-2.0,0.0,4230.1245,7153.1143,0.0,0.0
2313183.0,42.502075000000005,nan,-71.88523833333333,nan,-2.0,0.0,4230.1245,7153.1143,0.0,0.0
2314058.0,42.502075000000005,nan,-71.88523833333333,nan,-2.0,0.0,4230.1245,7153.1143,0.0,0.0
2314933.0,42.502075000000005,nan,-71.88523833333333,nan,-2.0,0.0,4230.1245,7153.1143,0.0,0.0
2315807.0,42.502075000000005,nan,-71.88523833333333,nan,-2.0,0.0,4230.1245,7153.1143,0.0,0.0
2316682.0,42.502075000000005,nan,-71.88523833333333,nan,-2.0,0.0,4230.1245,7153.1143,0.0,0.0
2317557.0,42.502075000000005,nan,-71.88523833333333,nan,-2.0,0.0,4230.1245,7153.1143,0.0,0.0
2318435.0,42.502075000000005,nan,-71.88523833333333,nan,-2.0,0.0,4230.1245,7153.1143,0.0,0.0
2319310.0,42.502075000000005,nan,-71.88523833333333,nan,-2.0,0.0,4230.1245,7153.1143,0.0,0.0
2320185.0,42.502075000000005,nan,-71.88523833333333,nan,-2.0,0.0,4230.1245,7153.1143,0.0,0.0
2321059.0,42.502075000000005,nan,-71.88523833333333,nan,-2.0,0.0,4230.1245,7153.1143,0.0,0.0
2321934.0,42.502075000000005,nan,-71.88523833333333,nan,-2.0,0.0,4230.1245,7153.1143,0.0,0.0
2322809.0,42.502075000000005,nan,-71.88523833333333,nan,-2.0,0.0,4230.1245,7153.1143,0.0,0.0
2323683.0,42.502075000000005,nan,-71.88523833333333,nan,-2.0,0.0,4230.1245,7153.1143,0.0,0.0
2324558.0,42.502075000000005,nan,-71.88523833333333,nan,-2.0,0.0,4230.1245,7153.1143,0.0,0.0
2325433.0,42.502075000000005,nan,-71.88523833333333,nan,-2.0,0.0,4230.1245,7153.1143,0.0,0.0
2326309.0,42.502075000000005,nan,-71.88523833333333,nan,-2.0,0.0,4230.1245,7153.1143,0.0,0.0
2327184.0,42.502075000000005,nan,-71.88523833333333,nan,-2.0,0.0,4230.1245,7153.1143,0.0,0.0
2328059.0,42.502075000000005,nan,-71.88523833333333,nan,-2.0,0.0,4230.1245,7153.1143,0.0,0.0
2328933.0,42.502075000000005,nan,-71.88523833333333,nan,-2.0,0.0,4230.1245,7153.1143,0.0,0.0
2329811.0,42.502075000000005,nan,-71.88523833333333,nan,-2.0,0.0,4230.1245,7153.1143,0.0,0.0
2330686.0,42.502075000000005,nan,-71.88523833333333,nan,-2.0,0.0,4230.1245,7153.1143,0.0,0.0
2331560.0,42.502075000000005,nan,-71.88523833333333,nan,-2.0,0.0,4230.1245,7153.1143,0.0,0.0
2332435.0,42.502075000000005,nan,-71.88523833333333,nan,-2.0,0.0,4230.1245,7153.1143,0.0,0.0
2333310.0,42.502075000000005,nan,-71.88523833333333,nan,-2.0,0.0,4230.1245,7153.1143,0.0,0.0
2334186.0,42.502075000000005,nan,-71.88523833333333,nan,-2.0,0.0,4230.1245,7153.1143,0.0,0.0
2335060.0,42.502075000000005,nan,-71.88523833333333,nan,-2.0,0.0,4230.1245,7153.1143,0.0,0.0
2335935.0,42.502075000000005,nan,-71.88523833333333,nan,-2.0,0.0,4230.1245,7153.1143,0.0,0.0
2336809.0,42.502075000000005,nan,-71.88523833333333,nan,-2.0,0.0,4230.1245,7153.1143,0.0,0.0
2337684.0,42.502075000000005,nan,-71.88523833333333,nan,-2.0,0.0,4230.1245,7153.1143,0.0,0.0
2338559.0,42.502075000000005,nan,-71.88523833333333,nan,-2.0,0.0,4230.1245,7153.1143,0.0,0.0
2339434.0,42.502075000000005,nan,-71.88523833333333,nan,-2.0,0.0,4230.1245,7153.1143,0.0,0.0
2340309.0,42.502075000000005,nan,-71.88523833333333,nan,-2.0,0.0,4230.1245,7153.1143,0.0,0.0
2341184.0,42.502075000000005,nan,-71.88523833333333,nan,-2.0,0.0,4230.1245,7153.1143,0.0,0.0
2342062.0,42.502075000000005,nan,-71.88523833333333,nan,-2.0,0.0,4230.1245,7153.1143,0.0,0.0
2342937.0,42.502075000000005,nan,-71.88523833333333,nan,-2.0,0.0,4230.1245,7153.1143,0.0,0.0
2343812.0,42.502075000000005,nan,-71.88523833333333,nan,-2.0,0.0,4230.1245,7153.1143,0.0,0.0
2344686.0,42.502075000000005,nan,-71.88523833333333,nan,-2.0,0.0,4230.1245,7153.1143,0.0,0.0
2345561.0,42.502075000000005,nan,-71.88523833333333,nan,-2.0,0.0,4230.1245,7153.1143,0.0,0.0
2346437.0,42.502075000000005,nan,-71.88523833333333,nan,-2.0,0.0,4230.1245,7153.1143,0.0,0.0
2347312.0,42.502075000000005,nan,-71.88523833333333,nan,-2.0,0.0,4230.1245,7153.1143,0.0,0.0
2348187.0,42.502075000000005,nan,-71.88523833333333,nan,-2.0,0.0,4230.1245,7153.1143,0.0,0.0
2349062.0,42.502075000000005,nan,-71.88523833333333,nan,-2.0,0.0,4230.1245,7153.1143,0.0,0.0
2349937.0,42.502075000000005,nan,-71.88523833333333,nan,-2.0,0.0,4230.1245,7153.1143,0.0,0.0
2350811.0,42.502075000000005,nan,-71.88523833333333,nan,-2.0,0.0,4230.1245,7153.1143,0.0,0.0
2351686.0,42.502075000000005,nan,-71.88523833333333,nan,-2.0,0.0,4230.1245,7153.1143,0.0,0.0
2352561.0,42.502075000000005,nan,-71.88523833333333,nan,-2.0,0.0,4230.1245,7153.1143,0.0,0.0
2353440.0,42.502075000000005,nan,-71.88523833333333,nan,-2.0,0.0,4230.1245,7153.1143,0.0,0.0
2354316.0,42.502075000000005,nan,-71.88523833333333,nan,-2.0,0.0,4230.1245,7153.1143,0.0,0.0
2355191.0,42.502075000000005,nan,-71.88523833333333,nan,-2.0,0.0,4230.1245,7153.1143,0.0,0.0
2356066.0,42.502075000000005,nan,-71.88523833333333,nan,-2.0,0.0,4230.1245,7153.1143,0.0,0.0
2356941.0,42.502075000000005,nan,-71.88523833333333,nan,-2.0,0.0,4230.1245,7153.1143,0.0,0.0
2357816.0,42.502075000000005,nan,-71.88523833333333,nan,-2.0,0.0,4230.1245,7153.1143,0.0,0.0
2358690.0,42.502075000000005,nan,-71.88523833333333,nan,-2.0,0.0,4230.1245,7153.1143,0.0,0.0
2359565.0,42.502075000000005,nan,-71.88523833333333,nan,-2.0,0.0,4230.1245,7153.1143,0.0,0.0
2360441.0,42.502075000000005,nan,-71.88523833333333,nan,-2.0,0.0,4230.1245,7153.1143,0.0,0.0
2361316.0,42.502075000000005,nan,-71.88523833333333,nan,-2.0,0.0,4230.1245,7153.1143,0.0,0.0
2362191.0,42.502075000000005,nan,-71.88523833333333,nan,-2.0,0.0,4230.1245,7153.1143,0.0,0.0
2363066.0,42.502075000000005,nan,-71.88523833333333,nan,-2.0,0.0,4230.1245,7153.1143,0.0,0.0
2363941.0,42.502075000000005,nan,-71.88523833333333,nan,-2.0,0.0,4230.1245,7153.1143,0.0,0.0
2364816.0,42.502075000000005,nan,-71.88523833333333,nan,-2.0,0.0,4230.1245,7153.1143,0.0,0.0
2365689.0,42.502075000000005,nan,-71.88523833333333,nan,-2.0,0.0,4230.1245,7153.1143,0.0,0.0
2366563.0,42.502075000000005,nan,-71.88523833333333,nan,-2.0,0.0,4230.1245,7153.1143,0.0,0.0
2367439.0,42.502075000000005,nan,-71.88523833333333,nan,-2.0,0.0,4230.1245,7153.1143,0.0,0.0
2368314.0,42.502075000000005,nan,-71.88523833333333,nan,-2.0,0.0,4230.1245,7153.1143,0.0,0.0
2369190.0,42.502075000000005,nan,-71.88523833333333,nan,-2.0,0.0,4230.1245,7153.1143,0.0,0.0
2370065.0,42.502075000000005,nan,-71.88523833333333,nan,-2.0,0.0,4230.1245,7153.1143,0.0,0.0
2370939.0,42.502075000000005,nan,-71.88523833333333,nan,-2.0,0.0,4230.1245,7153.1143,0.0,0.0
2371814.0,42.502075000000005,nan,-71.88523833333333,nan,-2.0,0.0,4230.1245,7153.1143,0.0,0.0
2372689.0,42.502075000000005,nan,-71.88523833333333,nan,-2.0,0.0,4230.1245,7153.1143,0.0,0.0
2373564.0,42.502075000000005,nan,-71.88523833333333,nan,-2.0,0.0,4230.1245,7153.1143,0.0,0.0
2374439.0,42.502075000000005,nan,-71.88523833333333,nan,-2.0,0.0,4230.1245,7153.1143,0.0,0.0
2375314.0,42.502075000000005,nan,-71.88523833333333,nan,-2.0,0.0,4230.1245,7153.1143,0.0,0.0
2376190.0,42.502075000000005,nan,-71.88523833333333,nan,-2.0,0.0,4230.1245,7153.1143,0.0,0.0
2377068.0,42.502075000000005,nan,-71.88523833333333,nan,-2.0,0.0,4230.1245,7153.1143,0.0,0.0
2377942.0,42.502075000000005,nan,-71.88523833333333,nan,-2.0,0.0,4230.1245,7153.1143,0.0,0.0
2378817.0,42.502075000000005,nan,-71.88523833333333,nan,-2.0,0.0,4230.1245,7153.1143,0.0,0.0
2379692.0,42.502075000000005,nan,-71.88523833333333,nan,-2.0,0.0,4230.1245,7153.1143,0.0,0.0
2380567.0,42.502075000000005,nan,-71.88523833333333,nan,-2.0,0.0,4230.1245,7153.1143,0.0,0.0
2381442.0,42.502075000000005,nan,-71.88523833333333,nan,-2.0,0.0,4230.1245,7153.1143,0.0,0.0
2382317.0,42.502075000000005,nan,-71.88523833333333,nan,-2.0,0.0,4230.1245,7153.1143,0.0,0.0
2383192.0,42.502075000000005,nan,-71.88523833333333,nan,-2.0,0.0,4230.1245,7153.1143,0.0,0.0
2384067.0,42.502075000000005,nan,-71.88523833333333,nan,-2.0,0.0,4230.1245,7153.1143,0.0,0.0
2384942.0,42.502075000000005,nan,-71.88523833333333,nan,-2.0,0.0,4230.1245,7153.1143,0.0,0.0
2385816.0,42.502075000000005,nan,-71.88523833333333,nan,-2.0,0.0,4230.1245,7153.1143,0.0,0.0
2386691.0,42.502075000000005,nan,-71.88523833333333,nan,-2.0,0.0,4230.1245,7153.1143,0.0,0.0
2387565.0,42.502075000000005,nan,-71.88523833333333,nan,-2.0,0.0,4230.1245,7153.1143,0.0,0.0
2388444.0,42.502075000000005,nan,-71.88523833333333,nan,-2.0,0.0,4230.1245,7153.1143,0.0,0.0
2389319.0,42.502075000000005,nan,-71.88523833333333,nan,-2.0,0.0,4230.1245,7153.1143,0.0,0.0
2390194.0,42.502075000000005,nan,-71.88523833333333,nan,-2.0,0.0,4230.1245,7153.1143,0.0,0.0
2391069.0,42.502075000000005,nan,-71.88523833333333,nan,-2.0,0.0,4230.1245,7153.1143,0.0,0.0
2391943.0,42.502075000000005,nan,-71.88523833333333,nan,-2.0,0.0,4230.1245,7153.1143,0.0,0.0
2392818.0,42.502075000000005,nan,-71.88523833333333,nan,-2.0,0.0,4230.1245,7153.1143,0.0,0.0
2393693.0,42.502075000000005,nan,-71.88523833333333,nan,-2.0,0.0,4230.1245,7153.1143,0.0,0.0
2394567.0,42.502075000000005,nan,-71.88523833333333,nan,-2.0,0.0,4230.1245,7153.1143,0.0,0.0
2395443.0,42.502075000000005,nan,-71.88523833333333,nan,-2.0,0.0,4230.1245,7153.1143,0.0,0.0
2396318.0,42.502075000000005,nan,-71.88523833333333,nan,-2.0,0.0,4230.1245,7153.1143,0.0,0.0
2397193.0,42.502075000000005,nan,-71.88523833333333,nan,-2.0,0.0,4230.1245,7153.1143,0.0,0.0
2398068.0,42.502075000000005,nan,-71.88523833333333,nan,-2.0,0.0,4230.1245,7153.1143,0.0,0.0
2398943.0,42.502075000000005,nan,-71.88523833333333,nan,-2.0,0.0,4230.1245,7153.1143,0.0,0.0
2399817.0,42.502075000000005,nan,-71.88523833333333,nan,-2.0,0.0,4230.1245,7153.1143,0.0,0.0
2400695.0,42.502075000000005,nan,-71.88523833333333,nan,-2.0,0.0,4230.1245,7153.1143,0.0,0.0
2401569.0,42.502075000000005,nan,-71.88523833333333,nan,-2.0,0.0,4230.1245,7153.1143,0.0,0.0
2402445.0,42.502075000000005,nan,-71.88523833333333,nan,-2.0,0.0,4230.1245,7153.1143,0.0,0.0
2403320.0,42.502075000000005,nan,-71.88523833333333,nan,-2.0,0.0,4230.1245,7153.1143,0.0,0.0
2404195.0,42.502075000000005,nan,-71.88523833333333,nan,-2.0,0.0,4230.1245,7153.1143,0.0,0.0
2405070.0,42.502075000000005,nan,-71.88523833333333,nan,-2.0,0.0,4230.1245,7153.1143,0.0,0.0
2405945.0,42.502075000000005,nan,-71.88523833333333,nan,-2.0,0.0,4230.1245,7153.1143,0.0,0.0
2406819.0,42.502075000000005,nan,-71.88523833333333,nan,-2.0,0.0,4230.1245,7153.1143,0.0,0.0
2407694.0,42.502075000000005,nan,-71.88523833333333,nan,-2.0,0.0,4230.1245,7153.1143,0.0,0.0
2408569.0,42.502075000000005,nan,-71.88523833333333,nan,-2.0,0.0,4230.1245,7153.1143,0.0,0.0
2409444.0,42.502075000000005,nan,-71.88523833333333,nan,-2.0,0.0,4230.1245,7153.1143,0.0,0.0
2410319.0,42.502075000000005,nan,-71.88523833333333,nan,-2.0,0.0,4230.1245,7153.1143,0.0,0.0
2411195.0,42.502075000000005,nan,-71.88523833333333,nan,-2.0,0.0,4230.1245,7153.1143,0.0,0.0
2412072.0,42.502075000000005,nan,-71.88523833333333,nan,-2.0,0.0,4230.1245,7153.1143,0.0,0.0
2412946.0,42.502075000000005,nan,-71.88523833333333,nan,-2.0,0.0,4230.1245,7153.1143,0.0,0.0
2413821.0,42.502075000000005,nan,-71.88523833333333,nan,-2.0,0.0,4230.1245,7153.1143,0.0,0.0
2414696.0,42.502075000000005,nan,-71.88523833333333,nan,-2.0,0.0,4230.1245,7153.1143,0.0,0.0
2415570.0,42.502075000000005,nan,-71.88523833333333,nan,-2.0,0.0,4230.1245,7153.1143,0.0,0.0
2416445.0,42.502075000000005,nan,-71.88523833333333,nan,-2.0,0.0,4230.1245,7153.1143,0.0,0.0
2417320.0,42.502075000000005,nan,-71.88523833333333,nan,-2.0,0.0,4230.1245,7153.1143,0.0,0.0
2418195.0,42.502075000000005,nan,-71.88523833333333,nan,-2.0,0.0,4230.1245,7153.1143,0.0,0.0
2419070.0,42.502075000000005,nan,-71.88523833333333,nan,-2.0,0.0,4230.1245,7153.1143,0.0,0.0
2419945.0,42.502075000000005,nan,-71.88523833333333,nan,-2.0,0.0,4230.1245,7153.1143,0.0,0.0
2420819.0,42.502075000000005,nan,-71.88523833333333,nan,-2.0,0.0,4230.1245,7153.1143,0.0,0.0
2421694.0,42.502075000000005,nan,-71.88523833333333,nan,-2.0,0.0,4230.1245,7153.1143,0.0,0.0
2422568.0,42.502075000000005,nan,-71.88523833333333,nan,-2.0,0.0,4230.1245,7153.1143,0.0,0.0
2423443.0,42.502075000000005,nan,-71.88523833333333,nan,-2.0,0.0,4230.1245,7153.1143,0.0,0.0
2424321.0,42.502075000000005,nan,-71.88523833333333,nan,-2.0,0.0,4230.1245,7153.1143,0.0,0.0
2425196.0,42.502075000000005,nan,-71.88523833333333,nan,-2.0,0.0,4230.1245,7153.1143,0.0,0.0
2426071.0,42.502075000000005,nan,-71.88523833333333,nan,-2.0,0.0,4230.1245,7153.1143,0.0,0.0
2426945.0,42.502075000000005,nan,-71.88523833333333,nan,-2.0,0.0,4230.1245,7153.1143,0.0,0.0
2427820.0,42.502075000000005,nan,-71.88523833333333,nan,-2.0,0.0,4230.1245,7153.1143,0.0,0.0
2428694.0,42.502075000000005,nan,-71.88523833333333,nan,-2.0,0.0,4230.1245,7153.1143,0.0,0.0
2429569.0,42.502075000000005,nan,-71.88523833333333,nan,-2.0,0.0,4230.1245,7153.1143,0.0,0.0
2430444.0,42.502075000000005,nan,-71.88523833333333,nan,-2.0,0.0,4230.1245,7153.1143,0.0,0.0
2431319.0,42.502075000000005,nan,-71.88523833333333,nan,-2.0,0.0,4230.1245,7153.1143,0.0,0.0
2432195.0,42.502075000000005,nan,-71.88523833333333,nan,-2.0,0.0,4230.1245,7153.1143,0.0,0.0
2433069.0,42.502075000000005,nan,-71.88523833333333,nan,-2.0,0.0,4230.1245,7153.1143,0.0,0.0
2433944.0,42.502075000000005,nan,-71.88523833333333,nan,-2.0,0.0,4230.1245,7153.1143,0.0,0.0
2434819.0,42.502075000000005,nan,-71.88523833333333,nan,-2.0,0.0,4230.1245,7153.1143,0.0,0.0
2435696.0,42.502075000000005,nan,-71.88523833333333,nan,-2.0,0.0,4230.1245,7153.1143,0.0,0.0
2436571.0,42.502075000000005,nan,-71.88523833333333,nan,-2.0,0.0,4230.1245,7153.1143,0.0,0.0
2437446.0,42.502075000000005,nan,-71.88523833333333,nan,-2.0,0.0,4230.1245,7153.1143,0.0,0.0
2438321.0,42.502075000000005,nan,-71.88523833333333,nan,-2.0,0.0,4230.1245,7153.1143,0.0,0.0
2439196.0,42.502075000000005,nan,-71.88523833333333,nan,-2.0,0.0,4230.1245,7153.1143,0.0,0.0
2440071.0,42.502075000000005,nan,-71.88523833333333,nan,-2.0,0.0,4230.1245,7153.1143,0.0,0.0
2440946.0,42.502075000000005,nan,-71.88523833333333,nan,-2.0,0.0,4230.1245,7153.1143,0.0,0.0
2441820.0,42.502075000000005,nan,-71.88523833333333,nan,-2.0,0.0,4230.1245,7153.1143,0.0,0.0
2442695.0,42.502075000000005,nan,-71.88523833333333,nan,-2.0,0.0,4230.1245,7153.1143,0.0,0.0
2443570.0,42.502075000000005,nan,-71.88523833333333,nan,-2.0,0.0,4230.1245,7153.1143,0.0,0.0
2444445.0,42.502075000000005,nan,-71.88523833333333,nan,-2.0,0.0,4230.1245,7153.1143,0.0,0.0
2445320.0,42.502075000000005,nan,-71.88523833333333,nan,-2.0,0.0,4230.1245,7153.1143,0.0,0.0
2446196.0,42.502075000000005,nan,-71.88523833333333,nan,-2.0,0.0,4230.1245,7153.1143,0.0,0.0
2447070.0,42.502075000000005,nan,-71.88523833333333,nan,-2.0,0.0,4230.1245,7153.1143,0.0,0.0
2447948.0,42.502075000000005,nan,-71.88523833333333,nan,-2.0,0.0,4230.1245,7153.1143,0.0,0.0
2448823.0,42.502075000000005,nan,-71.88523833333333,nan,-2.0,0.0,4230.1245,7153.1143,0.0,0.0
2449697.0,42.502075000000005,nan,-71.88523833333333,nan,-2.0,0.0,4230.1245,7153.1143,0.0,0.0
2450572.0,42.502075000000005,nan,-71.88523833333333,nan,-2.0,0.0,4230.1245,7153.1143,0.0,0.0
2451447.0,42.502075000000005,nan,-71.88523833333333,nan,-2.0,0.0,4230.1245,7153.1143,0.0,0.0
2452322.0,42.502075000000005,nan,-71.88523833333333,nan,-2.0,0.0,4230.1245,7153.1143,0.0,0.0
2453198.0,42.502075000000005,nan,-71.88523833333333,nan,-2.0,0.0,4230.1245,7153.1143,0.0,0.0
2454072.0,42.502075000000005,nan,-71.88523833333333,nan,-2.0,0.0,4230.1245,7153.1143,0.0,0.0
2454947.0,42.502075000000005,nan,-71.88523833333333,nan,-2.0,0.0,4230.1245,7153.1143,0.0,0.0
2455822.0,42.502075000000005,nan,-71.88523833333333,nan,-2.0,0.0,4230.1245,7153.1143,0.0,0.0
2456696.0,42.502075000000005,nan,-71.88523833333333,nan,-2.0,0.0,4230.1245,7153.1143,0.0,0.0
2457571.0,42.502075000000005,nan,-71.88523833333333,nan,-2.0,0.0,4230.1245,7153.1143,0.0,0.0
2458447.0,42.502075000000005,nan,-71.88523833333333,nan,-2.0,0.0,4230.1245,7153.1143,0.0,0.0
2459325.0,42.502075000000005,nan,-71.88523833333333,nan,-2.0,0.0,4230.1245,7153.1143,0.0,0.0
2460200.0,42.502075000000005,nan,-71.88523833333333,nan,-2.0,0.0,4230.1245,7153.1143,0.0,0.0
2461075.0,42.502075000000005,nan,-71.88523833333333,nan,-2.0,0.0,4230.1245,7153.1143,0.0,0.0
2461950.0,42.502075000000005,nan,-71.88523833333333,nan,-2.0,0.0,4230.1245,7153.1143,0.0,0.0
2462824.0,42.502075000000005,nan,-71.88523833333333,nan,-2.0,0.0,4230.1245,7153.1143,0.0,0.0
2463699.0,42.502075000000005,nan,-71.88523833333333,nan,-2.0,0.0,4230.1245,7153.1143,0.0,0.0
2464574.0,42.502075000000005,nan,-71.88523833333333,nan,-2.0,0.0,4230.1245,7153.1143,0.0,0.0
2465449.0,42.502075000000005,nan,-71.88523833333333,nan,-2.0,0.0,4230.1245,7153.1143,0.0,0.0
2466324.0,42.502075000000005,nan,-71.88523833333333,nan,-2.0,0.0,4230.1245,7153.1143,0.0,0.0
2467199.0,42.502075000000005,nan,-71.88523833333333,nan,-2.0,0.0,4230.1245,7153.1143,0.0,0.0
2468074.0,42.502075000000005,nan,-71.88523833333333,nan,-2.0,0.0,4230.1245,7153.1143,0.0,0.0
2468949.0,42.502075000000005,nan,-71.88523833333333,nan,-2.0,0.0,4230.1245,7153.1143,0.0,0.0
2469823.0,42.502075000000005,nan,-71.88523833333333,nan,-2.0,0.0,4230.1245,7153.1143,0.0,0.0
2470698.0,42.502075000000005,nan,-71.88523833333333,nan,-2.0,0.0,4230.1245,7153.1143,0.0,0.0
2471575.0,42.502075000000005,nan,-71.88523833333333,nan,-2.0,0.0,4230.1245,7153.1143,0.0,0.0
2472451.0,42.502075000000005,nan,-71.88523833333333,nan,-2.0,0.0,4230.1245,7153.1143,0.0,0.0
2473326.0,42.502075000000005,nan,-71.88523833333333,nan,-2.0,0.0,4230.1245,7153.1143,0.0,0.0
2474201.0,42.502075000000005,nan,-71.88523833333333,nan,-2.0,0.0,4230.1245,7153.1143,0.0,0.0
2475076.0,42.502075000000005,nan,-71.88523833333333,nan,-2.0,0.0,4230.1245,7153.1143,0.0,0.0
2475950.0,42.502075000000005,nan,-71.88523833333333,nan,-2.0,0.0,4230.1245,7153.1143,0.0,0.0
2476825.0,42.502075000000005,nan,-71.88523833333333,nan,-2.0,0.0,4230.1245,7153.1143,0.0,0.0
2477700.0,42.502075000000005,nan,-71.88523833333333,nan,-2.0,0.0,4230.1245,7153.1143,0.0,0.0
2478574.0,42.502075000000005,nan,-71.88523833333333,nan,-2.0,0.0,4230.1245,7153.1143,0.0,0.0
2479450.0,42.502075000000005,nan,-71.88523833333333,nan,-2.0,0.0,4230.1245,7153.1143,0.0,0.0
2480325.0,42.502075000000005,nan,-71.88523833333333,nan,-2.0,0.0,4230.1245,7153.1143,0.0,0.0
2481200.0,42.502075000000005,nan,-71.88523833333333,nan,-2.0,0.0,4230.1245,7153.1143,0.0,0.0
2482075.0,42.502075000000005,nan,-71.88523833333333,nan,-2.0,0.0,4230.1245,7153.1143,0.0,0.0
2482952.0,42.502075000000005,nan,-71.88523833333333,nan,-2.0,0.0,4230.1245,7153.1143,0.0,0.0
2483827.0,42.502075000000005,nan,-71.88523833333333,nan,-2.0,0.0,4230.1245,7153.1143,0.0,0.0
2484702.0,42.502075000000005,nan,-71.88523833333333,nan,-2.0,0.0,4230.1245,7153.1143,0.0,0.0
2485577.0,42.502075000000005,nan,-71.88523833333333,nan,-2.0,0.0,4230.1245,7153.1143,0.0,0.0
2486452.0,42.502075000000005,nan,-71.88523833333333,nan,-2.0,0.0,4230.1245,7153.1143,0.0,0.0
2487327.0,42.502075000000005,nan,-71.88523833333333,nan,-2.0,0.0,4230.1245,7153.1143,0.0,0.0
2488202.0,42.502075000000005,nan,-71.88523833333333,nan,-2.0,0.0,4230.1245,7153.1143,0.0,0.0
2489077.0,42.502075000000005,nan,-71.88523833333333,nan,-2.0,0.0,4230.1245,7153.1143,0.0,0.0
2489951.0,42.502075000000005,nan,-71.88523833333333,nan,-2.0,0.0,4230.1245,7153.1143,0.0,0.0
2490826.0,42.502075000000005,nan,-71.88523833333333,nan,-2.0,0.0,4230.1245,7153.1143,0.0,0.0
2491700.0,42.502075000000005,nan,-71.88523833333333,nan,-2.0,0.0,4230.1245,7153.1143,0.0,0.0
2492575.0,42.502075000000005,nan,-71.88523833333333,nan,-2.0,0.0,4230.1245,7153.1143,0.0,0.0
2493450.0,42.502075000000005,nan,-71.88523833333333,nan,-2.0,0.0,4230.1245,7153.1143,0.0,0.0
2494325.0,42.502075000000005,nan,-71.88523833333333,nan,-2.0,0.0,4230.1245,7153.1143,0.0,0.0
2495203.0,42.502075000000005,nan,-71.88523833333333,nan,-2.0,0.0,4230.1245,7153.1143,0.0,0.0
2496077.0,42.502075000000005,nan,-71.88523833333333,nan,-2.0,0.0,4230.1245,7153.1143,0.0,0.0
2496952.0,42.502075000000005,nan,-71.88523833333333,nan,-2.0,0.0,4230.1245,7153.1143,0.0,0.0
2497826.0,42.502075000000005,nan,-71.88523833333333,nan,-2.0,0.0,4230.1245,7153.1143,0.0,0.0
2498701.0,42.502075000000005,nan,-71.88523833333333,nan,-2.0,0.0,4230.1245,7153.1143,0.0,0.0
2499575.0,42.502075000000005,nan,-71.88523833333333,nan,-2.0,0.0,4230.1245,7153.1143,0.0,0.0
2500450.0,42.502075000000005,nan,-71.88523833333333,nan,-2.0,0.0,4230.1245,7153.1143,0.0,0.0
2501325.0,42.502075000000005,nan,-71.88523833333333,nan,-2.0,0.0,4230.1245,7153.1143,0.0,0.0
2502200.0,42.502075000000005,nan,-71.88523833333333,nan,-2.0,0.0,4230.1245,7153.1143,0.0,0.0
2503075.0,42.502075000000005,nan,-71.88523833333333,nan,-2.0,0.0,4230.1245,7153.1143,0.0,0.0
2503949.0,42.502075000000005,nan,-71.88523833333333,nan,-2.0,0.0,4230.1245,7153.1143,0.0,0.0
2504824.0,42.502075000000005,nan,-71.88523833333333,nan,-2.0,0.0,4230.1245,7153.1143,0.0,0.0
2505698.0,42.502075000000005,nan,-71.88523833333333,nan,-2.0,0.0,4230.1245,7153.1143,0.0,0.0
2506576.0,42.502075000000005,nan,-71.88523833333333,nan,-2.0,0.0,4230.1245,7153.1143,0.0,0.0
2507451.0,42.502075000000005,nan,-71.88523833333333,nan,-2.0,0.0,4230.1245,7153.1143,0.0,0.0
2508326.0,42.502075000000005,nan,-71.88523833333333,nan,-2.0,0.0,4230.1245,7153.1143,0.0,0.0
2509201.0,42.502075000000005,nan,-71.88523833333333,nan,-2.0,0.0,4230.1245,7153.1143,0.0,0.0
2510075.0,42.502075000000005,nan,-71.88523833333333,nan,-2.0,0.0,4230.1245,7153.1143,0.0,0.0
2510950.0,42.502075000000005,nan,-71.88523833333333,nan,-2.0,0.0,4230.1245,7153.1143,0.0,0.0
2511824.0,42.502075000000005,nan,-71.88523833333333,nan,-2.0,0.0,4230.1245,7153.1143,0.0,0.0
2512699.0,42.502075000000005,nan,-71.88523833333333,nan,-2.0,0.0,4230.1245,7153.1143,0.0,0.0
2513573.0,42.502075000000005,nan,-71.88523833333333,nan,-2.0,0.0,4230.1245,7153.1143,0.0,0.0
2514448.0,42.502075000000005,nan,-71.88523833333333,nan,-2.0,0.0,4230.1245,7153.1143,0.0,0.0
2515323.0,42.502075000000005,nan,-71.88523833333333,nan,-2.0,0.0,4230.1245,7153.1143,0.0,0.0
2516198.0,42.502075000000005,nan,-71.88523833333333,nan,-2.0,0.0,4230.1245,7153.1143,0.0,0.0
2517072.0,42.502075000000005,nan,-71.88523833333333,nan,-2.0,0.0,4230.1245,7153.1143,0.0,0.0
2517947.0,42.502075000000005,nan,-71.88523833333333,nan,-2.0,0.0,4230.1245,7153.1143,0.0,0.0
2518824.0,42.502075000000005,nan,-71.88523833333333,nan,-2.0,0.0,4230.1245,7153.1143,0.0,0.0
2519698.0,42.502075000000005,nan,-71.88523833333333,nan,-2.0,0.0,4230.1245,7153.1143,0.0,0.0
2520573.0,42.502075000000005,nan,-71.88523833333333,nan,-2.0,0.0,4230.1245,7153.1143,0.0,0.0
2521448.0,42.502075000000005,nan,-71.88523833333333,nan,-2.0,0.0,4230.1245,7153.1143,0.0,0.0
2522323.0,42.502075000000005,nan,-71.88523833333333,nan,-2.0,0.0,4230.1245,7153.1143,0.0,0.0
2523197.0,42.502075000000005,nan,-71.88523833333333,nan,-2.0,0.0,4230.1245,7153.1143,0.0,0.0
2524072.0,42.502075000000005,nan,-71.88523833333333,nan,-2.0,0.0,4230.1245,7153.1143,0.0,0.0
2524946.0,42.502075000000005,nan,-71.88523833333333,nan,-2.0,0.0,4230.1245,7153.1143,0.0,0.0
2525821.0,42.502075000000005,nan,-71.88523833333333,nan,-2.0,0.0,4230.1245,7153.1143,0.0,0.0
2526695.0,42.502075000000005,nan,-71.88523833333333,nan,-2.0,0.0,4230.1245,7153.1143,0.0,0.0
2527569.0,42.502075000000005,nan,-71.88523833333333,nan,-2.0,0.0,4230.1245,7153.1143,0.0,0.0
2528444.0,42.502075000000005,nan,-71.88523833333333,nan,-2.0,0.0,4230.1245,7153.1143,0.0,0.0
2529319.0,42.502075000000005,nan,-71.88523833333333,nan,-2.0,0.0,4230.1245,7153.1143,0.0,0.0
2530197.0,42.502075000000005,nan,-71.88523833333333,nan,-2.0,0.0,4230.1245,7153.1143,0.0,0.0
2531071.0,42.502075000000005,nan,-71.88523833333333,nan,-2.0,0.0,4230.1245,7153.1143,0.0,0.0
2531946.0,42.502075000000005,nan,-71.88523833333333,nan,-2.0,0.0,4230.1245,7153.1143,0.0,0.0
2532820.0,42.502075000000005,nan,-71.88523833333333,nan,-2.0,0.0,4230.1245,7153.1143,0.0,0.0
2533695.0,42.502075000000005,nan,-71.88523833333333,nan,-2.0,0.0,4230.1245,7153.1143,0.0,0.0
2534570.0,42.502075000000005,nan,-71.88523833333333,nan,-2.0,0.0,4230.1245,7153.1143,0.0,0.0
2535445.0,42.502075000000005,nan,-71.88523833333333,nan,-2.0,0.0,4230.1245,7153.1143,0.0,0.0
2536320.0,42.502075000000005,nan,-71.88523833333333,nan,-2.0,0.0,4230.1245,7153.1143,0.0,0.0
2537195.0,42.502075000000005,nan,-71.88523833333333,nan,-2.0,0.0,4230.1245,7153.1143,0.0,0.0
2538070.0,42.502075000000005,nan,-71.88523833333333,nan,-2.0,0.0,4230.1245,7153.1143,0.0,0.0
2538944.0,42.502075000000005,nan,-71.88523833333333,nan,-2.0,0.0,4230.1245,7153.1143,0.0,0.0
2539819.0,42.502075000000005,nan,-71.88523833333333,nan,-2.0,0.0,4230.1245,7153.1143,0.0,0.0
2540693.0,42.502075000000005,nan,-71.88523833333333,nan,-2.0,0.0,4230.1245,7153.1143,0.0,0.0
2541568.0,42.502075000000005,nan,-71.88523833333333,nan,-2.0,0.0,4230.1245,7153.1143,0.0,0.0
2542446.0,42.502075000000005,nan,-71.88523833333333,nan,-2.0,0.0,4230.1245,7153.1143,0.0,0.0
2543321.0,42.502075000000005,nan,-71.88523833333333,nan,-2.0,0.0,4230.1245,7153.1143,0.0,0.0
2544196.0,42.502075000000005,nan,-71.88523833333333,nan,-2.0,0.0,4230.1245,7153.1143,0.0,0.0
2545071.0,42.502075000000005,nan,-71.88523833333333,nan,-2.0,0.0,4230.1245,7153.1143,0.0,0.0
2545945.0,42.502075000000005,nan,-71.88523833333333,nan,-2.0,0.0,4230.1245,7153.1143,0.0,0.0
2546819.0,42.502075000000005,nan,-71.88523833333333,nan,-2.0,0.0,4230.1245,7153.1143,0.0,0.0
2547694.0,42.502075000000005,nan,-71.88523833333333,nan,-2.0,0.0,4230.1245,7153.1143,0.0,0.0
2548568.0,42.502075000000005,nan,-71.88523833333333,nan,-2.0,0.0,4230.1245,7153.1143,0.0,0.0
2549444.0,42.502075000000005,nan,-71.88523833333333,nan,-2.0,0.0,4230.1245,7153.1143,0.0,0.0
2550319.0,42.502075000000005,nan,-71.88523833333333,nan,-2.0,0.0,4230.1245,7153.1143,0.0,0.0
2551194.0,42.502075000000005,nan,-71.88523833333333,nan,-2.0,0.0,4230.1245,7153.1143,0.0,0.0
2552068.0,42.502075000000005,nan,-71.88523833333333,nan,-2.0,0.0,4230.1245,7153.1143,0.0,0.0
2552943.0,42.502075000000005,nan,-71.88523833333333,nan,-2.0,0.0,4230.1245,7153.1143,0.0,0.0
2553820.0,42.502075000000005,nan,-71.88523833333333,nan,-2.0,0.0,4230.1245,7153.1143,0.0,0.0
2554694.0,42.502075000000005,nan,-71.88523833333333,nan,-2.0,0.0,4230.1245,7153.1143,0.0,0.0
2555569.0,42.502075000000005,nan,-71.88523833333333,nan,-2.0,0.0,4230.1245,7153.1143,0.0,0.0
2556444.0,42.502075000000005,nan,-71.88523833333333,nan,-2.0,0.0,4230.1245,7153.1143,0.0,0.0
2557319.0,42.502075000000005,nan,-71.88523833333333,nan,-2.0,0.0,4230.1245,7153.1143,0.0,0.0
2558194.0,42.502075000000005,nan,-71.88523833333333,nan,-2.0,0.0,4230.1245,7153.1143,0.0,0.0
2559069.0,42.502075000000005,nan,-71.88523833333333,nan,-2.0,0.0,4230.1245,7153.1143,0.0,0.0
2559943.0,42.502075000000005,nan,-71.88523833333333,nan,-2.0,0.0,4230.1245,7153.1143,0.0,0.0
2560818.0,42.502075000000005,nan,-71.88523833333333,nan,-2.0,0.0,4230.1245,7153.1143,0.0,0.0
2561692.0,42.502075000000005,nan,-71.88523833333333,nan,-2.0,0.0,4230.1245,7153.1143,0.0,0.0
2562567.0,42.502075000000005,nan,-71.88523833333333,nan,-2.0,0.0,4230.1245,7153.1143,0.0,0.0
2563442.0,42.502075000000005,nan,-71.88523833333333,nan,-2.0,0.0,4230.1245,7153.1143,0.0,0.0
2564317.0,42.502075000000005,nan,-71.88523833333333,nan,-2.0,0.0,4230.1245,7153.1143,0.0,0.0
2565192.0,42.502075000000005,nan,-71.88523833333333,nan,-2.0,0.0,4230.1245,7153.1143,0.0,0.0
2566070.0,42.502075000000005,nan,-71.88523833333333,nan,-2.0,0.0,4230.1245,7153.1143,0.0,0.0
2566944.0,42.502075000000005,nan,-71.88523833333333,nan,-2.0,0.0,4230.1245,7153.1143,0.0,0.0
2567819.0,42.502075000000005,nan,-71.88523833333333,nan,-2.0,0.0,4230.1245,7153.1143,0.0,0.0
2568693.0,42.502075000000005,nan,-71.88523833333333,nan,-2.0,0.0,4230.1245,7153.1143,0.0,0.0
2569568.0,42.502075000000005,nan,-71.88523833333333,nan,-2.0,0.0,4230.1245,7153.1143,0.0,0.0
2570443.0,42.502075000000005,nan,-71.88523833333333,nan,-2.0,0.0,4230.1245,7153.1143,0.0,0.0
2571318.0,42.502075000000005,nan,-71.88523833333333,nan,-2.0,0.0,4230.1245,7153.1143,0.0,0.0
2572193.0,42.502075000000005,nan,-71.88523833333333,nan,-2.0,0.0,4230.1245,7153.1143,0.0,0.0
2573068.0,42.502075000000005,nan,-71.88523833333333,nan,-2.0,0.0,4230.1245,7153.1143,0.0,0.0
2573942.0,42.502075000000005,nan,-71.88523833333333,nan,-2.0,0.0,4230.1245,7153.1143,0.0,0.0
2574817.0,42.502075000000005,nan,-71.88523833333333,nan,-2.0,0.0,4230.1245,7153.1143,0.0,0.0
2575691.0,42.502075000000005,nan,-71.88523833333333,nan,-2.0,0.0,4230.1245,7153.1143,0.0,0.0
2576566.0,42.502075000000005,nan,-71.88523833333333,nan,-2.0,0.0,4230.1245,7153.1143,0.0,0.0
2577444.0,42.502075000000005,nan,-71.88523833333333,nan,-2.0,0.0,4230.1245,7153.1143,0.0,0.0
2578519.0,42.502075000000005,nan,-71.88523833333333,nan,-2.0,1.0,4230.1245,7153.1143,0.0,0.0
2579394.0,42.502075000000005,nan,-71.88523833333333,nan,-2.0,1.0,4230.1245,7153.1143,0.0,0.0
2580410.0,42.502075000000005,nan,-71.88523833333333,nan,-2.0,1.0,4230.1245,7153.1143,0.0,0.0
2581498.0,42.502075000000005,nan,-71.88523833333333,nan,-2.0,1.0,4230.1245,7153.1143,0.0,0.0
2582578.0,42.502075000000005,nan,-71.88523833333333,nan,-2.0,1.0,4230.1245,7153.1143,0.0,0.0
2583673.0,42.502075000000005,nan,-71.88523833333333,nan,-2.0,1.0,4230.1245,7153.1143,0.0,0.0
2584577.0,42.502075000000005,nan,-71.88523833333333,nan,-2.0,1.0,4230.1245,7153.1143,0.0,0.0
2585452.0,42.502075000000005,nan,-71.88523833333333,nan,-2.0,1.0,4230.1245,7153.1143,0.0,0.0
2586327.0,42.502075000000005,nan,-71.88523833333333,nan,-2.0,1.0,4230.1245,7153.1143,0.0,0.0
2587202.0,42.502075000000005,nan,-71.88523833333333,nan,-2.0,1.0,4230.1245,7153.1143,0.0,0.0
2588278.0,42.502075000000005,nan,-71.88523833333333,nan,-2.0,1.0,4230.1245,7153.1143,0.0,0.0
2589153.0,42.502075000000005,nan,-71.88523833333333,nan,-2.0,1.0,4230.1245,7153.1143,0.0,0.0
2590027.0,42.502075000000005,nan,-71.88523833333333,nan,-2.0,1.0,4230.1245,7153.1143,0.0,0.0
2590900.0,42.502075000000005,nan,-71.88523833333333,nan,-2.0,1.0,4230.1245,7153.1143,0.0,0.0
2591774.0,42.502075000000005,nan,-71.88523833333333,nan,-2.0,1.0,4230.1245,7153.1143,0.0,0.0
2592649.0,42.502075000000005,nan,-71.88523833333333,nan,-2.0,1.0,4230.1245,7153.1143,0.0,0.0
2593524.0,42.502075000000005,nan,-71.88523833333333,nan,-2.0,1.0,4230.1245,7153.1143,0.0,0.0
2594399.0,42.502075000000005,nan,-71.88523833333333,nan,-2.0,1.0,4230.1245,7153.1143,0.0,0.0
2595274.0,42.502075000000005,nan,-71.88523833333333,nan,-2.0,1.0,4230.1245,7153.1143,0.0,0.0
2596149.0,42.502075000000005,nan,-71.88523833333333,nan,-2.0,1.0,4230.1245,7153.1143,0.0,0.0
2597023.0,42.502075000000005,nan,-71.88523833333333,nan,-2.0,1.0,4230.1245,7153.1143,0.0,0.0
2597898.0,42.502075000000005,nan,-71.88523833333333,nan,-2.0,0.0,4230.1245,7153.1143,0.0,0.0
2598772.0,42.502075000000005,nan,-71.88523833333333,nan,-2.0,0.0,4230.1245,7153.1143,0.0,0.0
2599647.0,42.502075000000005,nan,-71.88523833333333,nan,-2.0,0.0,4230.1245,7153.1143,0.0,0.0
2600522.0,42.502075000000005,nan,-71.88523833333333,nan,-2.0,0.0,4230.1245,7153.1143,0.0,0.0
2601397.0,42.502075000000005,nan,-71.88523833333333,nan,-2.0,0.0,4230.1245,7153.1143,0.0,0.0
2602275.0,42.502075000000005,nan,-71.88523833333333,nan,-2.0,0.0,4230.1245,7153.1143,0.0,0.0
2603150.0,42.502075000000005,nan,-71.88523833333333,nan,-2.0,0.0,4230.1245,7153.1143,0.0,0.0
2604024.0,42.502075000000005,nan,-71.88523833333333,nan,-2.0,0.0,4230.1245,7153.1143,0.0,0.0
2604898.0,42.502075000000005,nan,-71.88523833333333,nan,-2.0,0.0,4230.1245,7153.1143,0.0,0.0
2605773.0,42.502075000000005,nan,-71.88523833333333,nan,-2.0,0.0,4230.1245,7153.1143,0.0,0.0
2606647.0,42.502075000000005,nan,-71.88523833333333,nan,-2.0,0.0,4230.1245,7153.1143,0.0,0.0
2607522.0,42.502075000000005,nan,-71.88523833333333,nan,-2.0,0.0,4230.1245,7153.1143,0.0,0.0
2608397.0,42.502075000000005,nan,-71.88523833333333,nan,-2.0,0.0,4230.1245,7153.1143,0.0,0.0
2609272.0,42.502075000000005,nan,-71.88523833333333,nan,-2.0,0.0,4230.1245,7153.1143,0.0,0.0
2610147.0,42.502075000000005,nan,-71.88523833333333,nan,-2.0,0.0,4230.1245,7153.1143,0.0,0.0
2611022.0,42.502075000000005,nan,-71.88523833333333,nan,-2.0,0.0,4230.1245,7153.1143,0.0,0.0
2611896.0,42.502075000000005,nan,-71.88523833333333,nan,-2.0,0.0,4230.1245,7153.1143,0.0,0.0
2612770.0,42.502075000000005,nan,-71.88523833333333,nan,-2.0,0.0,4230.1245,7153.1143,0.0,0.0
2613648.0,42.502075000000005,nan,-71.88523833333333,nan,-2.0,0.0,4230.1245,7153.1143,0.0,0.0
2614522.0,42.502075000000005,nan,-71.88523833333333,nan,-2.0,0.0,4230.1245,7153.1143,0.0,0.0
2615397.0,42.502075000000005,nan,-71.88523833333333,nan,-2.0,0.0,4230.1245,7153.1143,0.0,0.0
2616272.0,42.502075000000005,nan,-71.88523833333333,nan,-2.0,0.0,4230.1245,7153.1143,0.0,0.0
2617147.0,42.502075000000005,nan,-71.88523833333333,nan,-2.0,0.0,4230.1245,7153.1143,0.0,0.0
2618022.0,42.502075000000005,nan,-71.88523833333333,nan,-2.0,0.0,4230.1245,7153.1143,0.0,0.0
2618896.0,42.502075000000005,nan,-71.88523833333333,nan,-2.0,0.0,4230.1245,7153.1143,0.0,0.0
2619770.0,42.502075000000005,nan,-71.88523833333333,nan,-2.0,0.0,4230.1245,7153.1143,0.0,0.0
2620645.0,42.502075000000005,nan,-71.88523833333333,nan,-2.0,0.0,4230.1245,7153.1143,0.0,0.0
2621520.0,42.502075000000005,nan,-71.88523833333333,nan,-2.0,0.0,4230.1245,7153.1143,0.0,0.0
2622395.0,42.502075000000005,nan,-71.88523833333333,nan,-2.0,0.0,4230.1245,7153.1143,0.0,0.0
2623270.0,42.502075000000005,nan,-71.88523833333333,nan,-2.0,0.0,4230.1245,7153.1143,0.0,0.0
2624145.0,42.502075000000005,nan,-71.88523833333333,nan,-2.0,0.0,4230.1245,7153.1143,0.0,0.0
2625019.0,42.502075000000005,nan,-71.88523833333333,nan,-2.0,0.0,4230.1245,7153.1143,0.0,0.0
2625897.0,42.502075000000005,nan,-71.88523833333333,nan,-2.0,0.0,4230.1245,7153.1143,0.0,0.0
2626771.0,42.502075000000005,nan,-71.88523833333333,nan,-2.0,0.0,4230.1245,7153.1143,0.0,0.0
2627646.0,42.502075000000005,nan,-71.88523833333333,nan,-2.0,0.0,4230.1245,7153.1143,0.0,0.0
2628720.0,42.502075000000005,nan,-71.88523833333333,nan,-2.0,1.0,4230.1245,7153.1143,0.0,0.0
2629595.0,42.502075000000005,nan,-71.88523833333333,nan,-2.0,1.0,4230.1245,7153.1143,0.0,0.0
2630470.0,42.502075000000005,nan,-71.88523833333333,nan,-2.0,1.0,4230.1245,7153.1143,0.0,0.0
2631345.0,42.502075000000005,nan,-71.88523833333333,nan,-2.0,1.0,4230.1245,7153.1143,0.0,0.0
2632221.0,42.502075000000005,nan,-71.88523833333333,nan,-2.0,1.0,4230.1245,7153.1143,0.0,0.0
2633095.0,42.502075000000005,nan,-71.88523833333333,nan,-2.0,1.0,4230.1245,7153.1143,0.0,0.0
2633970.0,42.502075000000005,nan,-71.88523833333333,nan,-2.0,1.0,4230.1245,7153.1143,0.0,0.0
2634844.0,42.502075000000005,nan,-71.88523833333333,nan,-2.0,1.0,4230.1245,7153.1143,0.0,0.0
2635719.0,42.502075000000005,nan,-71.88523833333333,nan,-2.0,1.0,4230.1245,7153.1143,0.0,0.0
2636594.0,42.502075000000005,nan,-71.88523833333333,nan,-2.0,1.0,4230.1245,7153.1143,0.0,0.0
2637473.0,42.502075000000005,nan,-71.88523833333333,nan,-2.0,1.0,4230.1245,7153.1143,0.0,0.0
2638348.0,42.502075000000005,nan,-71.88523833333333,nan,-2.0,0.0,4230.1245,7153.1143,0.0,0.0
2639223.0,42.502075000000005,nan,-71.88523833333333,nan,-2.0,0.0,4230.1245,7153.1143,0.0,0.0
2640098.0,42.502075000000005,nan,-71.88523833333333,nan,-2.0,0.0,4230.1245,7153.1143,0.0,0.0
2640972.0,42.502075000000005,nan,-71.88523833333333,nan,-2.0,0.0,4230.1245,7153.1143,0.0,0.0
2641847.0,42.502075000000005,nan,-71.88523833333333,nan,-2.0,0.0,4230.1245,7153.1143,0.0,0.0
2642722.0,42.502075000000005,nan,-71.88523833333333,nan,-2.0,0.0,4230.1245,7153.1143,0.0,0.0
2643596.0,42.502075000000005,nan,-71.88523833333333,nan,-2.0,0.0,4230.1245,7153.1143,0.0,0.0
2644472.0,42.502075000000005,nan,-71.88523833333333,nan,-2.0,0.0,4230.1245,7153.1143,0.0,0.0
2645347.0,42.502075000000005,nan,-71.88523833333333,nan,-2.0,0.0,4230.1245,7153.1143,0.0,0.0
2646222.0,42.502075000000005,nan,-71.88523833333333,nan,-2.0,0.0,4230.1245,7153.1143,0.0,0.0
2647097.0,42.502075000000005,nan,-71.88523833333333,nan,-2.0,0.0,4230.1245,7153.1143,0.0,0.0
2648172.0,42.502075000000005,nan,-71.88523833333333,nan,-2.0,1.0,4230.1245,7153.1143,0.0,0.0
2649047.0,42.502075000000005,nan,-71.88523833333333,nan,-2.0,1.0,4230.1245,7153.1143,0.0,0.0
2649925.0,42.502075000000005,nan,-71.88523833333333,nan,-2.0,1.0,4230.1245,7153.1143,0.0,0.0
2650799.0,42.502075000000005,nan,-71.88523833333333,nan,-2.0,1.0,4230.1245,7153.1143,0.0,0.0
2651674.0,42.502075000000005,nan,-71.88523833333333,nan,-2.0,1.0,4230.1245,7153.1143,0.0,0.0
2652549.0,42.502075000000005,nan,-71.88523833333333,nan,-2.0,1.0,4230.1245,7153.1143,0.0,0.0
2653424.0,42.502075000000005,nan,-71.88523833333333,nan,-2.0,1.0,4230.1245,7153.1143,0.0,0.0
2654300.0,42.502075000000005,nan,-71.88523833333333,nan,-2.0,1.0,4230.1245,7153.1143,0.0,0.0
2655175.0,42.502075000000005,nan,-71.88523833333333,nan,-2.0,1.0,4230.1245,7153.1143,0.0,0.0
2656049.0,42.502075000000005,nan,-71.88523833333333,nan,-2.0,1.0,4230.1245,7153.1143,0.0,0.0
2656924.0,42.502075000000005,nan,-71.88523833333333,nan,-2.0,1.0,4230.1245,7153.1143,0.0,0.0
2657799.0,42.502075000000005,nan,-71.88523833333333,nan,-2.0,0.0,4230.1245,7153.1143,0.0,0.0
2658673.0,42.502075000000005,nan,-71.88523833333333,nan,-2.0,0.0,4230.1245,7153.1143,0.0,0.0
2659548.0,42.502075000000005,nan,-71.88523833333333,nan,-2.0,0.0,4230.1245,7153.1143,0.0,0.0
2660424.0,42.502075000000005,nan,-71.88523833333333,nan,-2.0,0.0,4230.1245,7153.1143,0.0,0.0
2661302.0,42.502075000000005,nan,-71.88523833333333,nan,-2.0,0.0,4230.1245,7153.1143,0.0,0.0
2662177.0,42.502075000000005,nan,-71.88523833333333,nan,-2.0,0.0,4230.1245,7153.1143,0.0,0.0
2663051.0,42.502075000000005,nan,-71.88523833333333,nan,-2.0,0.0,4230.1245,7153.1143,0.0,0.0
2663927.0,42.502075000000005,nan,-71.88523833333333,nan,-2.0,0.0,4230.1245,7153.1143,0.0,0.0
2664802.0,42.502075000000005,nan,-71.88523833333333,nan,-2.0,0.0,4230.1245,7153.1143,0.0,0.0
2665676.0,42.502075000000005,nan,-71.88523833333333,nan,-2.0,0.0,4230.1245,7153.1143,0.0,0.0
2666551.0,42.502075000000005,nan,-71.88523833333333,nan,-2.0,0.0,4230.1245,7153.1143,0.0,0.0
2667427.0,42.502075000000005,nan,-71.88523833333333,nan,-2.0,0.0,4230.1245,7153.1143,0.0,0.0
2668302.0,42.502075000000005,nan,-71.88523833333333,nan,-2.0,0.0,4230.1245,7153.1143,0.0,0.0
2669177.0,42.502075000000005,nan,-71.88523833333333,nan,-2.0,0.0,4230.1245,7153.1143,0.0,0.0
2670052.0,42.502075000000005,nan,-71.88523833333333,nan,-2.0,0.0,4230.1245,7153.1143,0.0,0.0
2670927.0,42.502075000000005,nan,-71.88523833333333,nan,-2.0,0.0,4230.1245,7153.1143,0.0,0.0
2671802.0,42.502075000000005,nan,-71.88523833333333,nan,-2.0,0.0,4230.1245,7153.1143,0.0,0.0
2672677.0,42.502075000000005,nan,-71.88523833333333,nan,-2.0,0.0,4230.1245,7153.1143,0.0,0.0
2673555.0,42.502075000000005,nan,-71.88523833333333,nan,-2.0,0.0,4230.1245,7153.1143,0.0,0.0
2674430.0,42.502075000000005,nan,-71.88523833333333,nan,-2.0,0.0,4230.1245,7153.1143,0.0,0.0
2675305.0,42.502075000000005,nan,-71.88523833333333,nan,-2.0,0.0,4230.1245,7153.1143,0.0,0.0
2676181.0,42.502075000000005,nan,-71.88523833333333,nan,-2.0,0.0,4230.1245,7153.1143,0.0,0.0
2677055.0,42.502075000000005,nan,-71.88523833333333,nan,-2.0,0.0,4230.1245,7153.1143,0.0,0.0
2677930.0,42.502075000000005,nan,-71.88523833333333,nan,-2.0,0.0,4230.1245,7153.1143,0.0,0.0
2678805.0,42.502075000000005,nan,-71.88523833333333,nan,-2.0,0.0,4230.1245,7153.1143,0.0,0.0
2679680.0,42.502075000000005,nan,-71.88523833333333,nan,-2.0,0.0,4230.1245,7153.1143,0.0,0.0
2680555.0,42.502075000000005,nan,-71.88523833333333,nan,-2.0,0.0,4230.1245,7153.1143,0.0,0.0
2681430.0,42.502075000000005,nan,-71.88523833333333,nan,-2.0,0.0,4230.1245,7153.1143,0.0,0.0
2682306.0,42.502075000000005,nan,-71.88523833333333,nan,-2.0,0.0,4230.1245,7153.1143,0.0,0.0
2683181.0,42.502075000000005,nan,-71.88523833333333,nan,-2.0,0.0,4230.1245,7153.1143,0.0,0.0
2684056.0,42.502075000000005,nan,-71.88523833333333,nan,-2.0,0.0,4230.1245,7153.1143,0.0,0.0
2684934.0,42.502075000000005,nan,-71.88523833333333,nan,-2.0,0.0,4230.1245,7153.1143,0.0,0.0
2685808.0,42.502075000000005,nan,-71.88523833333333,nan,-2.0,0.0,4230.1245,7153.1143,0.0,0.0
2686683.0,42.502075000000005,nan,-71.88523833333333,nan,-2.0,0.0,4230.1245,7153.1143,0.0,0.0
2687558.0,42.502075000000005,nan,-71.88523833333333,nan,-2.0,0.0,4230.1245,7153.1143,0.0,0.0
2688434.0,42.502075000000005,nan,-71.88523833333333,nan,-2.0,0.0,4230.1245,7153.1143,0.0,0.0
2689309.0,42.502075000000005,nan,-71.88523833333333,nan,-2.0,0.0,4230.1245,7153.1143,0.0,0.0
2690185.0,42.502075000000005,nan,-71.88523833333333,nan,-2.0,0.0,4230.1245,7153.1143,0.0,0.0
2691059.0,42.502075000000005,nan,-71.88523833333333,nan,-2.0,0.0,4230.1245,7153.1143,0.0,0.0
2691934.0,42.502075000000005,nan,-71.88523833333333,nan,-2.0,0.0,4230.1245,7153.1143,0.0,0.0
2692809.0,42.502075000000005,nan,-71.88523833333333,nan,-2.0,0.0,4230.1245,7153.1143,0.0,0.0
2693684.0,42.502075000000005,nan,-71.88523833333333,nan,-2.0,0.0,4230.1245,7153.1143,0.0,0.0
2694559.0,42.502075000000005,nan,-71.88523833333333,nan,-2.0,0.0,4230.1245,7153.1143,0.0,0.0
2695434.0,42.502075000000005,nan,-71.88523833333333,nan,-2.0,0.0,4230.1245,7153.1143,0.0,0.0
2696309.0,42.502075000000005,nan,-71.88523833333333,nan,-2.0,0.0,4230.1245,7153.1143,0.0,0.0
2697187.0,42.502075000000005,nan,-71.88523833333333,nan,-2.0,0.0,4230.1245,7153.1143,0.0,0.0
2698062.0,42.502075000000005,nan,-71.88523833333333,nan,-2.0,0.0,4230.1245,7153.1143,0.0,0.0
2699137.0,42.502075000000005,nan,-71.88523833333333,nan,-2.0,1.0,4230.1245,7153.1143,0.0,0.0
2700011.0,42.502075000000005,nan,-71.88523833333333,nan,-2.0,1.0,4230.1245,7153.1143,0.0,0.0
2700886.0,42.502075000000005,nan,-71.88523833333333,nan,-2.0,1.0,4230.1245,7153.1143,0.0,0.0
2701761.0,42.502075000000005,nan,-71.88523833333333,nan,-2.0,1.0,4230.1245,7153.1143,0.0,0.0
2702635.0,42.502075000000005,nan,-71.88523833333333,nan,-2.0,1.0,4230.1245,7153.1143,0.0,0.0
2703510.0,42.502075000000005,nan,-71.88523833333333,nan,-2.0,1.0,4230.1245,7153.1143,0.0,0.0
2704385.0,42.502075000000005,nan,-71.88523833333333,nan,-2.0,1.0,4230.1245,7153.1143,0.0,0.0
2705261.0,42.502075000000005,nan,-71.88523833333333,nan,-2.0,1.0,4230.1245,7153.1143,0.0,0.0
2706135.0,42.502075000000005,nan,-71.88523833333333,nan,-2.0,1.0,4230.1245,7153.1143,0.0,0.0
2707010.0,42.502075000000005,nan,-71.88523833333333,nan,-2.0,1.0,4230.1245,7153.1143,0.0,0.0
2707885.0,42.502075000000005,nan,-71.88523833333333,nan,-2.0,1.0,4230.1245,7153.1143,0.0,0.0
2708762.0,42.502075000000005,nan,-71.88523833333333,nan,-2.0,0.0,4230.1245,7153.1143,0.0,0.0
2709637.0,42.502075000000005,nan,-71.88523833333333,nan,-2.0,0.0,4230.1245,7153.1143,0.0,0.0
2710512.0,42.502075000000005,nan,-71.88523833333333,nan,-2.0,0.0,4230.1245,7153.1143,0.0,0.0
2711387.0,42.502075000000005,nan,-71.88523833333333,nan,-2.0,0.0,4230.1245,7153.1143,0.0,0.0
2712262.0,42.502075000000005,nan,-71.88523833333333,nan,-2.0,0.0,4230.1245,7153.1143,0.0,0.0
2713137.0,42.502075000000005,nan,-71.88523833333333,nan,-2.0,0.0,4230.1245,7153.1143,0.0,0.0
2714011.0,42.502075000000005,nan,-71.88523833333333,nan,-2.0,0.0,4230.1245,7153.1143,0.0,0.0
2714886.0,42.502075000000005,nan,-71.88523833333333,nan,-2.0,0.0,4230.1245,7153.1143,0.0,0.0
2715761.0,42.502075000000005,nan,-71.88523833333333,nan,-2.0,0.0,4230.1245,7153.1143,0.0,0.0
2716635.0,42.502075000000005,nan,-71.88523833333333,nan,-2.0,0.0,4230.1245,7153.1143,0.0,0.0
2717511.0,42.502075000000005,nan,-71.88523833333333,nan,-2.0,0.0,4230.1245,7153.1143,0.0,0.0
2718386.0,42.502075000000005,nan,-71.88523833333333,nan,-2.0,0.0,4230.1245,7153.1143,0.0,0.0
2719261.0,42.502075000000005,nan,-71.88523833333333,nan,-2.0,0.0,4230.1245,7153.1143,0.0,0.0
2720136.0,42.502075000000005,nan,-71.88523833333333,nan,-2.0,0.0,4230.1245,7153.1143,0.0,0.0
2721013.0,42.502075000000005,nan,-71.88523833333333,nan,-2.0,0.0,4230.1245,7153.1143,0.0,0.0
2721888.0,42.502075000000005,nan,-71.88523833333333,nan,-2.0,0.0,4230.1245,7153.1143,0.0,0.0
2722763.0,42.502075000000005,nan,-71.88523833333333,nan,-2.0,0.0,4230.1245,7153.1143,0.0,0.0
2723638.0,42.502075000000005,nan,-71.88523833333333,nan,-2.0,0.0,4230.1245,7153.1143,0.0,0.0
2724513.0,42.502075000000005,nan,-71.88523833333333,nan,-2.0,0.0,4230.1245,7153.1143,0.0,0.0
2725388.0,42.502075000000005,nan,-71.88523833333333,nan,-2.0,0.0,4230.1245,7153.1143,0.0,0.0
2726264.0,42.502075000000005,nan,-71.88523833333333,nan,-2.0,0.0,4230.1245,7153.1143,0.0,0.0
2727138.0,42.502075000000005,nan,-71.88523833333333,nan,-2.0,0.0,4230.1245,7153.1143,0.0,0.0
2728013.0,42.502075000000005,nan,-71.88523833333333,nan,-2.0,0.0,4230.1245,7153.1143,0.0,0.0
2728888.0,42.502075000000005,nan,-71.88523833333333,nan,-2.0,0.0,4230.1245,7153.1143,0.0,0.0
2729763.0,42.502075000000005,nan,-71.88523833333333,nan,-2.0,0.0,4230.1245,7153.1143,0.0,0.0
2730637.0,42.502075000000005,nan,-71.88523833333333,nan,-2.0,0.0,4230.1245,7153.1143,0.0,0.0
2731513.0,42.502075000000005,nan,-71.88523833333333,nan,-2.0,0.0,4230.1245,7153.1143,0.0,0.0
2732391.0,42.502075000000005,nan,-71.88523833333333,nan,-2.0,0.0,4230.1245,7153.1143,0.0,0.0
2733266.0,42.502075000000005,nan,-71.88523833333333,nan,-2.0,0.0,4230.1245,7153.1143,0.0,0.0
2734141.0,42.502075000000005,nan,-71.88523833333333,nan,-2.0,0.0,4230.1245,7153.1143,0.0,0.0
2735016.0,42.502075000000005,nan,-71.88523833333333,nan,-2.0,0.0,4230.1245,7153.1143,0.0,0.0
2736091.0,42.502075000000005,nan,-71.88523833333333,nan,-2.0,1.0,4230.1245,7153.1143,0.0,0.0
2736965.0,42.502075000000005,nan,-71.88523833333333,nan,-2.0,1.0,4230.1245,7153.1143,0.0,0.0
2737840.0,42.502075000000005,nan,-71.88523833333333,nan,-2.0,1.0,4230.1245,7153.1143,0.0,0.0
2738715.0,42.502075000000005,nan,-71.88523833333333,nan,-2.0,1.0,4230.1245,7153.1143,0.0,0.0
2739590.0,42.502075000000005,nan,-71.88523833333333,nan,-2.0,1.0,4230.1245,7153.1143,0.0,0.0
2740465.0,42.502075000000005,nan,-71.88523833333333,nan,-2.0,1.0,4230.1245,7153.1143,0.0,0.0
2741341.0,42.502075000000005,nan,-71.88523833333333,nan,-2.0,1.0,4230.1245,7153.1143,0.0,0.0
2742216.0,42.502075000000005,nan,-71.88523833333333,nan,-2.0,1.0,4230.1245,7153.1143,0.0,0.0
2743090.0,42.502075000000005,nan,-71.88523833333333,nan,-2.0,1.0,4230.1245,7153.1143,0.0,0.0
2743966.0,42.502075000000005,nan,-71.88523833333333,nan,-2.0,1.0,4230.1245,7153.1143,0.0,0.0
2744843.0,42.502075000000005,nan,-71.88523833333333,nan,-2.0,1.0,4230.1245,7153.1143,0.0,0.0
2745718.0,42.502075000000005,nan,-71.88523833333333,nan,-2.0,0.0,4230.1245,7153.1143,0.0,0.0
2746593.0,42.502075000000005,nan,-71.88523833333333,nan,-2.0,0.0,4230.1245,7153.1143,0.0,0.0
2747468.0,42.502075000000005,nan,-71.88523833333333,nan,-2.0,0.0,4230.1245,7153.1143,0.0,0.0
2748343.0,42.502075000000005,nan,-71.88523833333333,nan,-2.0,0.0,4230.1245,7153.1143,0.0,0.0
2749218.0,42.502075000000005,nan,-71.88523833333333,nan,-2.0,0.0,4230.1245,7153.1143,0.0,0.0
2750093.0,42.502075000000005,nan,-71.88523833333333,nan,-2.0,0.0,4230.1245,7153.1143,0.0,0.0
2750967.0,42.502075000000005,nan,-71.88523833333333,nan,-2.0,0.0,4230.1245,7153.1143,0.0,0.0
2751842.0,42.502075000000005,nan,-71.88523833333333,nan,-2.0,0.0,4230.1245,7153.1143,0.0,0.0
2752717.0,42.502075000000005,nan,-71.88523833333333,nan,-2.0,0.0,4230.1245,7153.1143,0.0,0.0
2753591.0,42.502075000000005,nan,-71.88523833333333,nan,-2.0,0.0,4230.1245,7153.1143,0.0,0.0
2754467.0,42.502075000000005,nan,-71.88523833333333,nan,-2.0,0.0,4230.1245,7153.1143,0.0,0.0
2755342.0,42.502075000000005,nan,-71.88523833333333,nan,-2.0,0.0,4230.1245,7153.1143,0.0,0.0
2756220.0,42.502075000000005,nan,-71.88523833333333,nan,-2.0,0.0,4230.1245,7153.1143,0.0,0.0
2757094.0,42.502075000000005,nan,-71.88523833333333,nan,-2.0,0.0,4230.1245,7153.1143,0.0,0.0
2757969.0,42.502075000000005,nan,-71.88523833333333,nan,-2.0,0.0,4230.1245,7153.1143,0.0,0.0
2758844.0,42.502075000000005,nan,-71.88523833333333,nan,-2.0,0.0,4230.1245,7153.1143,0.0,0.0
2759719.0,42.502075000000005,nan,-71.88523833333333,nan,-2.0,0.0,4230.1245,7153.1143,0.0,0.0
2760593.0,42.502075000000005,nan,-71.88523833333333,nan,-2.0,0.0,4230.1245,7153.1143,0.0,0.0
2761469.0,42.502075000000005,nan,-71.88523833333333,nan,-2.0,0.0,4230.1245,7153.1143,0.0,0.0
2762344.0,42.502075000000005,nan,-71.88523833333333,nan,-2.0,0.0,4230.1245,7153.1143,0.0,0.0
2763219.0,42.502075000000005,nan,-71.88523833333333,nan,-2.0,0.0,4230.1245,7153.1143,0.0,0.0
2764094.0,42.502075000000005,nan,-71.88523833333333,nan,-2.0,0.0,4230.1245,7153.1143,0.0,0.0
2764968.0,42.502075000000005,nan,-71.88523833333333,nan,-2.0,0.0,4230.1245,7153.1143,0.0,0.0
2765843.0,42.502075000000005,nan,-71.88523833333333,nan,-2.0,0.0,4230.1245,7153.1143,0.0,0.0
2766718.0,42.502075000000005,nan,-71.88523833333333,nan,-2.0,0.0,4230.1245,7153.1143,0.0,0.0
2767593.0,42.502075000000005,nan,-71.88523833333333,nan,-2.0,0.0,4230.1245,7153.1143,0.0,0.0
2768471.0,42.502075000000005,nan,-71.88523833333333,nan,-2.0,0.0,4230.1245,7153.1143,0.0,0.0
2769347.0,42.502075000000005,nan,-71.88523833333333,nan,-2.0,0.0,4230.1245,7153.1143,0.0,0.0
2770222.0,42.502075000000005,nan,-71.88523833333333,nan,-2.0,0.0,4230.1245,7153.1143,0.0,0.0
2771097.0,42.502075000000005,nan,-71.88523833333333,nan,-2.0,0.0,4230.1245,7153.1143,0.0,0.0
2771972.0,42.502075000000005,nan,-71.88523833333333,nan,-2.0,0.0,4230.1245,7153.1143,0.0,0.0
2772846.0,42.502075000000005,nan,-71.88523833333333,nan,-2.0,0.0,4230.1245,7153.1143,0.0,0.0
2773721.0,42.502075000000005,nan,-71.88523833333333,nan,-2.0,0.0,4230.1245,7153.1143,0.0,0.0
2774596.0,42.502075000000005,nan,-71.88523833333333,nan,-2.0,0.0,4230.1245,7153.1143,0.0,0.0
2775471.0,42.502075000000005,nan,-71.88523833333333,nan,-2.0,0.0,4230.1245,7153.1143,0.0,0.0
2776346.0,42.502075000000005,nan,-71.88523833333333,nan,-2.0,0.0,4230.1245,7153.1143,0.0,0.0
2777222.0,42.502075000000005,nan,-71.88523833333333,nan,-2.0,0.0,4230.1245,7153.1143,0.0,0.0
2778096.0,42.502075000000005,nan,-71.88523833333333,nan,-2.0,0.0,4230.1245,7153.1143,0.0,0.0
2778971.0,42.502075000000005,nan,-71.88523833333333,nan,-2.0,0.0,4230.1245,7153.1143,0.0,0.0
2779849.0,42.502075000000005,nan,-71.88523833333333,nan,-2.0,0.0,4230.1245,7153.1143,0.0,0.0
2780724.0,42.502075000000005,nan,-71.88523833333333,nan,-2.0,0.0,4230.1245,7153.1143,0.0,0.0
2781598.0,42.502075000000005,nan,-71.88523833333333,nan,-2.0,0.0,4230.1245,7153.1143,0.0,0.0
2782474.0,42.502075000000005,nan,-71.88523833333333,nan,-2.0,0.0,4230.1245,7153.1143,0.0,0.0
2783349.0,42.502075000000005,nan,-71.88523833333333,nan,-2.0,0.0,4230.1245,7153.1143,0.0,0.0
2784224.0,42.502075000000005,nan,-71.88523833333333,nan,-2.0,0.0,4230.1245,7153.1143,0.0,0.0
2785099.0,42.502075000000005,nan,-71.88523833333333,nan,-2.0,0.0,4230.1245,7153.1143,0.0,0.0
2785974.0,42.502075000000005,nan,-71.88523833333333,nan,-2.0,0.0,4230.1245,7153.1143,0.0,0.0
2786848.0,42.502075000000005,nan,-71.88523833333333,nan,-2.0,0.0,4230.1245,7153.1143,0.0,0.0
2787723.0,42.502075000000005,nan,-71.88523833333333,nan,-2.0,0.0,4230.1245,7153.1143,0.0,0.0
2788598.0,42.502075000000005,nan,-71.88523833333333,nan,-2.0,0.0,4230.1245,7153.1143,0.0,0.0
2789473.0,42.502075000000005,nan,-71.88523833333333,nan,-2.0,0.0,4230.1245,7153.1143,0.0,0.0
2790349.0,42.502075000000005,nan,-71.88523833333333,nan,-2.0,0.0,4230.1245,7153.1143,0.0,0.0
2791224.0,42.502075000000005,nan,-71.88523833333333,nan,-2.0,0.0,4230.1245,7153.1143,0.0,0.0
2792101.0,42.502075000000005,nan,-71.88523833333333,nan,-2.0,0.0,4230.1245,7153.1143,0.0,0.0
2792976.0,42.502075000000005,nan,-71.88523833333333,nan,-2.0,0.0,4230.1245,7153.1143,0.0,0.0
2793850.0,42.502075000000005,nan,-71.88523833333333,nan,-2.0,0.0,4230.1245,7153.1143,0.0,0.0
2794725.0,42.502075000000005,nan,-71.88523833333333,nan,-2.0,0.0,4230.1245,7153.1143,0.0,0.0
2795600.0,42.502075000000005,nan,-71.88523833333333,nan,-2.0,0.0,4230.1245,7153.1143,0.0,0.0
2796476.0,42.502075000000005,nan,-71.88523833333333,nan,-2.0,0.0,4230.1245,7153.1143,0.0,0.0
2797351.0,42.502075000000005,nan,-71.88523833333333,nan,-2.0,0.0,4230.1245,7153.1143,0.0,0.0
2798226.0,42.502075000000005,nan,-71.88523833333333,nan,-2.0,0.0,4230.1245,7153.1143,0.0,0.0
2799100.0,42.502075000000005,nan,-71.88523833333333,nan,-2.0,0.0,4230.1245,7153.1143,0.0,0.0
2799975.0,42.502075000000005,nan,-71.88523833333333,nan,-2.0,0.0,4230.1245,7153.1143,0.0,0.0
2800850.0,42.502075000000005,nan,-71.88523833333333,nan,-2.0,0.0,4230.1245,7153.1143,0.0,0.0
2801724.0,42.502075000000005,nan,-71.88523833333333,nan,-2.0,0.0,4230.1245,7153.1143,0.0,0.0
2802599.0,42.502075000000005,nan,-71.88523833333333,nan,-2.0,0.0,4230.1245,7153.1143,0.0,0.0
2803477.0,42.502075000000005,nan,-71.88523833333333,nan,-2.0,0.0,4230.1245,7153.1143,0.0,0.0
2804352.0,42.502075000000005,nan,-71.88523833333333,nan,-2.0,0.0,4230.1245,7153.1143,0.0,0.0
2805227.0,42.502075000000005,nan,-71.88523833333333,nan,-2.0,0.0,4230.1245,7153.1143,0.0,0.0
2806102.0,42.502075000000005,nan,-71.88523833333333,nan,-2.0,0.0,4230.1245,7153.1143,0.0,0.0
2806976.0,42.502075000000005,nan,-71.88523833333333,nan,-2.0,0.0,4230.1245,7153.1143,0.0,0.0
2807851.0,42.502075000000005,nan,-71.88523833333333,nan,-2.0,0.0,4230.1245,7153.1143,0.0,0.0
2808725.0,42.502075000000005,nan,-71.88523833333333,nan,-2.0,0.0,4230.1245,7153.1143,0.0,0.0
